2 0.284243 0.712297 0.000375482 0.00296796 0.000113764 1.27148e-06 6.69335e-07 3.39243e-07 6.44323e-07 3.41208e-07 
3 0.146357 0.602505 0.114372 0.033844 0.0316806 0.0288726 0.0119508 0.0108801 0.00884037 0.0106976 
4 0.084456 0.899011 0.00870192 0.00252736 0.00200836 0.00110134 0.000747704 0.000473791 0.000390177 0.000582311 
5 0.297803 0.61688 0.0460208 0.0130102 0.00917725 0.00535582 0.00436851 0.00251232 0.00203604 0.00283513 
6 0.297803 0.61688 0.0460208 0.0130102 0.00917725 0.00535582 0.00436851 0.00251232 0.00203604 0.00283513 
7 0.320144 0.660113 0.0167704 0.00110363 0.00061697 0.000469343 0.00024896 0.000191025 0.000133836 0.000208409 
8 0.477235 0.475408 0.020101 0.000558398 0.000253473 0.0263242 6.18341e-05 4.08771e-05 1.13215e-05 6.34775e-06 
9 0.926927 0.0728583 0.000170817 2.61319e-05 1.04179e-05 1.8387e-06 2.89371e-06 1.91296e-06 5.29824e-07 2.97062e-07 
10 0.178297 0.610398 0.0940786 0.0359259 0.0275111 0.0184465 0.011549 0.00819905 0.00655826 0.00903666 
11 0.407791 0.589257 0.00199188 0.000636192 0.000112363 7.93262e-05 4.20633e-05 3.22748e-05 2.26123e-05 3.52121e-05 
12 0.195766 0.641928 0.0999506 0.0267165 0.013614 0.00736102 0.00499741 0.00316666 0.00260782 0.00389197 
13 0.345455 0.574307 0.0361432 0.0248769 0.00568916 0.00457682 0.00318091 0.00216842 0.0014248 0.00217809 
14 0.783257 0.202741 0.0132374 0.000146904 0.00060591 1.10831e-05 1.58864e-07 1.05021e-07 0 0 
15 0.573363 0.424838 0.000930605 0.00074923 5.51032e-05 2.5029e-05 1.31766e-05 6.67836e-06 1.26842e-05 6.71704e-06 
16 0.716736 0.265498 0.0177008 2.98725e-05 1.21059e-05 9.34158e-06 4.12469e-06 4.76731e-06 2.7261e-06 1.79174e-06 
17 0.381934 0.526423 0.0546534 0.0119967 0.00946385 0.00518979 0.00352336 0.00223261 0.00183861 0.00274398 
18 0.678399 0.260077 0.0524009 0.00178564 0.00121588 0.00263317 0.000566479 0.00114144 0.00141204 0.000368546 
19 0.0623393 0.936945 0.000469571 0.000239784 3.88054e-06 6.84871e-07 1.07784e-06 7.12533e-07 1.97346e-07 1.10648e-07 
20 0.286111 0.703784 0.00891261 3.06935e-05 1.3863e-05 0.00113176 4.72439e-06 5.45676e-06 3.12035e-06 2.05086e-06 
21 0.104045 0.895371 0.00012598 0.000457679 7.10926e-07 1.16605e-07 1.83511e-07 1.21315e-07 0 0 
22 0.573058 0.426733 0.000167547 1.81122e-05 8.17741e-06 6.31013e-06 2.78618e-06 3.22026e-06 1.84145e-06 1.2103e-06 
23 0.178263 0.680907 0.076028 0.0250679 0.0134453 0.00901522 0.00564423 0.00400706 0.00320517 0.00441641 
24 0.179423 0.50691 0.118269 0.0499674 0.0516669 0.0253559 0.0152258 0.0143159 0.011682 0.0271837 
25 0.316172 0.547864 0.0977449 0.0197636 0.0064436 0.00376047 0.00306725 0.00176397 0.00142956 0.00199062 
26 0.368516 0.625439 0.00452102 0.000566985 0.000316197 0.000240539 0.000127592 9.79001e-05 6.85908e-05 0.00010681 
27 0.425641 0.573202 0.000483236 0.000231608 0.00036654 2.85272e-05 1.5132e-05 1.16106e-05 8.13462e-06 1.26673e-05 
28 0.670651 0.328151 0.000150275 0.000870156 0.00017769 0 1.09588e-07 0 0 0 
29 0.0862898 0.785963 0.117113 0.00655586 0.00120804 0.000971142 0.000674947 0.000460112 0.000302323 0.000462163 
30 0.249906 0.737372 0.00781216 0.00473098 0.000175541 7.35569e-07 1.15549e-06 7.6387e-07 2.11565e-07 1.1862e-07 
31 0.25685 0.557039 0.110011 0.0339931 0.012465 0.0100279 0.0069694 0.00475104 0.00312174 0.00477222 
32 0.527875 0.471623 0.000385189 6.82064e-05 1.73037e-05 1.22811e-05 6.46542e-06 3.27691e-06 6.22381e-06 3.29589e-06 
33 0.211369 0.611518 0.135083 0.016857 0.00953244 0.0052274 0.00354889 0.00224879 0.00185193 0.00276387 
34 0.624791 0.374778 0.000343433 3.81556e-05 1.72267e-05 1.3293e-05 5.86942e-06 6.78387e-06 3.87924e-06 2.54963e-06 
35 0.421226 0.504364 0.0377882 0.0167901 0.0142671 0.0020866 0.00110682 0.000849254 0.000595004 0.000926544 
36 0.302385 0.595602 0.0467288 0.0132859 0.0226387 0.00742704 0.00443572 0.00255097 0.00206736 0.00287874 
37 0.83384 0.164937 0.000779065 0.00025882 6.56616e-05 4.66027e-05 2.45341e-05 1.24348e-05 2.36173e-05 1.25068e-05 
38 0.208556 0.661962 0.0653365 0.0225063 0.0123265 0.00991644 0.00689196 0.00469825 0.00308706 0.0047192 
39 0.722621 0.26764 0.00904699 0.000688967 1.98842e-06 3.46852e-07 5.45869e-07 3.60861e-07 0 0 
40 0.384582 0.551092 0.0440628 0.0118997 0.00607745 0.000857365 0.000454783 0.000348951 0.000244482 0.000380708 
41 0.403914 0.595656 0.000422215 4.23662e-06 1.689e-06 2.98099e-07 4.69142e-07 3.10139e-07 0 0 
42 0.229526 0.699987 0.046689 0.0056886 0.0106317 0.00234096 0.00190941 0.0010981 0.000889925 0.00123919 
43 0.414828 0.576577 0.00451554 0.00315649 0.000307296 0.000230917 0.000122488 9.39841e-05 6.58471e-05 0.000102537 
44 0.244599 0.582067 0.09425 0.0277475 0.0151971 0.0122258 0.00849694 0.00579236 0.00380596 0.00581819 
45 0.320942 0.67668 0.000486219 0.00180257 8.51403e-05 1.42742e-06 6.23298e-07 7.20406e-07 4.11952e-07 2.70756e-07 
46 0.240381 0.721054 0.0254664 0.00433673 0.00305908 0.00178527 0.00145617 0.000837438 0.00067868 0.000945042 
47 0.212218 0.77742 0.0095885 0.000451876 0.000114113 8.09909e-05 4.26379e-05 2.16104e-05 4.10446e-05 2.17356e-05 
48 0.443077 0.556385 0.000503671 1.50836e-05 6.81e-06 5.25496e-06 2.32028e-06 2.68178e-06 1.53353e-06 1.00791e-06 
49 0.383257 0.515593 0.0798556 0.00707466 0.00496474 0.00289741 0.00236329 0.00135912 0.00110146 0.00153376 
50 0.291348 0.663787 0.0186795 0.0134432 0.0116083 0.000441445 0.0002324 0.000117789 0.000223715 0.000118471 
51 0.929843 0.0684079 0.001727 9.65356e-06 4.24818e-06 3.27812e-06 1.44743e-06 1.67293e-06 9.56638e-07 6.28752e-07 
52 0.590479 0.402663 0.00636789 0.000286887 7.20105e-05 5.11088e-05 2.69063e-05 1.36371e-05 2.59009e-05 1.37161e-05 
53 0.176397 0.823065 0.000180507 5.76942e-05 1.88422e-05 0.000264781 5.46927e-06 2.77186e-06 5.26457e-06 2.78791e-06 
54 0.865694 0.133723 0.000541341 1.81182e-05 8.1801e-06 6.3122e-06 2.7871e-06 3.22132e-06 1.84206e-06 1.2107e-06 
55 0.3394 0.638633 0.0197335 0.00043758 0.00130357 0.000184438 9.7834e-05 7.50671e-05 5.25935e-05 8.18989e-05 
56 0.326536 0.644937 0.00932013 0.00309866 0.000786115 0.000557937 0.000293727 0.000148872 0.000282903 0.0140385 
57 0.213607 0.759151 0.023716 0.00130946 0.000732032 0.000556874 0.00029539 0.00022665 0.000158795 0.000247277 
58 0.555972 0.437429 0.00645007 6.48116e-05 2.92548e-05 2.25746e-05 9.9676e-06 1.15205e-05 6.58782e-06 4.32985e-06 
59 0.205095 0.475158 0.162516 0.0410038 0.0334354 0.0397828 0.0143531 0.010566 0.00685496 0.0112351 
60 0.506639 0.492515 0.000555682 0.000107849 6.02918e-05 4.58654e-05 2.4329e-05 1.86674e-05 1.30787e-05 2.03663e-05 
61 0.2759 0.705642 0.0102252 0.00272595 0.00192285 0.00112217 0.000915307 0.00052639 0.000426599 0.000594026 
62 0.286188 0.57904 0.076484 0.0188116 0.0149486 0.0081975 0.0055653 0.00352651 0.00290416 0.00433424 
63 0.328914 0.643701 0.0222793 0.00297474 0.00075467 0.00053562 0.000281978 0.000142917 0.000271441 0.000143745 
64 0.179847 0.724872 0.0404478 0.0147811 0.0136541 0.00829949 0.00498777 0.0046897 0.0038105 0.00461103 
65 0.523739 0.464729 0.00753843 0.0027022 0.000426333 0.000324322 0.000172034 0.000132 9.24819e-05 0.000144013 
66 0.69071 0.307096 0.00163902 0.000206203 0.000115272 8.769e-05 4.65145e-05 3.56901e-05 2.50052e-05 3.89383e-05 
67 0.454958 0.513488 0.0208013 0.00399255 0.00223198 0.00169792 0.000900649 0.000691059 0.00048417 0.000753952 
68 0.252181 0.747012 0.000284788 0.000509168 4.40598e-06 3.12593e-06 1.64565e-06 8.34077e-07 1.58416e-06 8.38908e-07 
69 0.2003 0.539048 0.0996838 0.0457578 0.0332862 0.019462 0.0159908 0.0117911 0.00765922 0.027021 
70 0.227926 0.734122 0.0295853 0.00276996 0.00195387 0.00114027 0.00093007 0.00053488 0.000433479 0.000603607 
71 0.262218 0.73532 0.00101922 0.000631948 0.000456092 0.000111027 9.05532e-05 5.20768e-05 4.22043e-05 5.87683e-05 
72 0.17501 0.584587 0.0872487 0.0650709 0.029187 0.0169985 0.0139666 0.0102985 0.00668141 0.0109507 
73 0.386887 0.581328 0.0181053 0.00479992 0.00262887 0.00211488 0.00146985 0.001002 0.000658377 0.00100646 
74 0.303964 0.692401 0.0023143 0.000769322 0.000195173 0.000138522 7.29255e-05 3.69613e-05 7.02003e-05 3.71754e-05 
75 0.309612 0.641522 0.0255486 0.0145107 0.00307464 0.00179434 0.00146356 0.000841689 0.000682125 0.000949839 
76 0.352534 0.599815 0.0192508 0.0220744 0.00208865 0.00158888 0.000842809 0.000646679 0.000453076 0.000705533 
77 0.252574 0.582992 0.0654163 0.0504793 0.0185604 0.0100192 0.00680203 0.00431018 0.00354953 0.00529741 
78 0.234711 0.627623 0.0664316 0.0308405 0.0152962 0.00838814 0.00569472 0.00360852 0.0029717 0.00443504 
79 0.134646 0.776138 0.0479795 0.0144683 0.00792418 0.00637486 0.00443055 0.0030203 0.00198454 0.00303377 
80 0.671284 0.317759 0.00613138 0.00233964 0.000868059 0.000506424 0.000413068 0.000237554 0.00019252 0.000268078 
81 0.169594 0.81523 0.0100377 0.000998138 0.000557995 0.00042448 0.000225162 0.000172765 0.0001211 0.00263941 
82 0.102873 0.789055 0.0808208 0.00973919 0.00518404 0.00417047 0.00289849 0.0019759 0.00129829 0.00198471 
83 0.498567 0.500792 0.000188187 0.000323786 0.000122765 2.65893e-06 1.1677e-06 1.34963e-06 7.7176e-07 5.07241e-07 
84 0.191454 0.728327 0.0612646 0.00678714 0.0036019 0.00289766 0.00201388 0.00137287 0.000902062 0.00137899 
85 0.372089 0.526597 0.0717825 0.00573581 0.00320651 0.00243926 0.00129659 0.0150746 0.000695568 0.00108314 
86 0.224501 0.731508 0.0237295 0.00670838 0.00473202 0.0027616 0.00225251 0.00129541 0.00104983 0.00146186 
87 0.400277 0.521033 0.0317693 0.0061703 0.00344942 0.00262406 0.0165434 0.00129786 0.0156699 0.0011652 
88 0.190458 0.621678 0.0882086 0.0259688 0.0142229 0.0124824 0.0325517 0.00542231 0.00356199 0.00544523 
89 0.308284 0.592748 0.045334 0.012816 0.00904179 0.0201987 0.00430439 0.00247482 0.00200565 0.00279281 
90 0.179922 0.798182 0.0143129 0.00266478 0.00145589 0.00117123 0.000814011 0.000554912 0.000364613 0.000557386 
91 0.0690099 0.666214 0.0989146 0.0342272 0.054082 0.0234385 0.0120872 0.0150775 0.00888906 0.0180602 
92 0.370518 0.572813 0.0283745 0.018977 0.00307652 0.00234038 0.00124144 0.000952542 0.000667369 0.00103923 
93 0.726231 0.27357 0.000189081 4.30511e-06 1.88761e-06 1.45658e-06 6.43142e-07 7.43342e-07 4.25067e-07 2.79376e-07 
94 0.377404 0.548402 0.0300307 0.0200292 0.0175364 0.00247412 0.00131237 0.00100697 0.000705505 0.00109862 
95 0.342003 0.652521 0.00184386 0.00345624 6.22057e-05 4.40961e-05 2.32145e-05 1.17659e-05 2.2347e-05 1.18341e-05 
96 0.209935 0.583196 0.089095 0.0306904 0.01682 0.0286632 0.0245492 0.00640671 0.00420962 0.00643527 
97 0.168868 0.746906 0.0377639 0.0142388 0.0109038 0.00731112 0.00457733 0.00324962 0.00259931 0.0035816 
98 0.183098 0.703729 0.0571232 0.0196657 0.0107707 0.00866485 0.0060221 0.00410527 0.00269743 0.00412357 
99 0.201949 0.673425 0.0706328 0.0174255 0.0138471 0.00759348 0.00515522 0.00326666 0.00269017 0.00401488 
100 0.372089 0.540679 0.0436165 0.0228068 0.0143045 0.00243929 0.00129389 0.00099279 0.000695568 0.00108314 
101 0.202965 0.604836 0.0802549 0.0306807 0.0358567 0.0155718 0.00974913 0.00692128 0.00553619 0.00762835 
102 0.186926 0.736772 0.0370251 0.0120369 0.00921764 0.00618054 0.0038695 0.0027471 0.00219736 0.00302775 
103 0.17204 0.603091 0.115759 0.029559 0.0226357 0.0151775 0.00950231 0.00675002 0.0180403 0.00744526 
104 0.154259 0.802719 0.0217192 0.00747441 0.00409367 0.00329328 0.00228884 0.0015603 0.00102522 0.00156726 
105 0.0989303 0.805242 0.0820064 0.00714846 0.00232961 0.00135955 0.00110893 0.000637742 0.000516841 0.000719686 
106 0.220045 0.53326 0.101824 0.0416377 0.042808 0.01744 0.0143294 0.010566 0.00685496 0.0112351 
107 0.175254 0.525238 0.161059 0.0432506 0.0314623 0.0183956 0.0151146 0.011145 0.00723057 0.0118508 
108 0.19244 0.631818 0.0955593 0.0281329 0.0154081 0.0123956 0.00861495 0.00587281 0.00385882 0.005899 
109 0.208984 0.681457 0.0718431 0.0121723 0.00967262 0.00530427 0.00360108 0.00228186 0.00187916 0.00280451 
110 0.279692 0.613754 0.0621898 0.0106201 0.0198042 0.004364 0.00355953 0.00204707 0.001659 0.0023101 
111 0.166578 0.781884 0.0340146 0.00580185 0.00409256 0.00238841 0.00194812 0.00112036 0.000907964 0.00126431 
112 0.162185 0.635395 0.104732 0.0299379 0.0229259 0.0153721 0.00962414 0.00683255 0.00546522 0.00753055 
113 0.170431 0.626162 0.0766467 0.0343406 0.0262974 0.0176327 0.0115605 0.0220221 0.00626901 0.00863798 
114 0.200184 0.742085 0.0414191 0.00540057 0.00380942 0.00222317 0.00181334 0.00104285 0.000845149 0.00117684 
115 0.242892 0.756795 0.00019973 6.61831e-05 1.67903e-05 1.19168e-05 6.27362e-06 3.1797e-06 6.03918e-06 3.19812e-06 
116 0.366626 0.616365 0.00955725 0.00246746 0.00174051 0.00101576 0.00082851 0.000476474 0.000386145 0.000537696 
117 0.654845 0.33787 0.00719851 3.77233e-05 1.7025e-05 1.31374e-05 5.80071e-06 6.70445e-06 3.83382e-06 2.51978e-06 
118 0.430957 0.548424 0.0162318 0.00162899 0.000910648 0.000692751 0.000367465 0.000281952 0.000197541 0.000307612 
119 0.0659654 0.666234 0.109256 0.0326543 0.0517589 0.0224044 0.0115539 0.0144123 0.0084969 0.0172634 
120 0.443703 0.498738 0.0301065 0.00887559 0.00703463 0.00385765 0.00261896 0.00165954 0.00136666 0.00203964 
121 0.464925 0.511899 0.0144966 0.00215319 0.00379931 0.000853947 0.000696429 0.000400514 0.000324586 0.000451977 
122 0.213111 0.76233 0.0147034 0.00819431 0.00054896 0.00041732 0.000221364 0.000169851 0.000119001 0.000185309 
123 0.407745 0.592077 0.000142086 1.57337e-05 7.10354e-06 5.48147e-06 2.4203e-06 2.79737e-06 1.59963e-06 1.05136e-06 
124 0.293359 0.607673 0.0453414 0.0273077 0.00946658 0.00527588 0.00430331 0.00247482 0.00200565 0.00279281 
125 0.273223 0.692899 0.0252139 0.00168352 0.00507228 0.000715664 0.000379612 0.000291273 0.000204072 0.000317781 
126 0.172974 0.621065 0.0773082 0.0497784 0.0266899 0.0178959 0.0112042 0.00795431 0.00636249 0.00876691 
127 0.584222 0.415293 0.000107513 0.000352112 8.96571e-06 6.3633e-06 3.34997e-06 1.69789e-06 3.22479e-06 1.70772e-06 
128 0.624754 0.348066 0.0210627 0.00202517 0.00142853 0.000833689 0.000680004 0.000391068 0.000316931 0.000441317 
129 0.213165 0.592168 0.0904657 0.0311625 0.017155 0.0290276 0.00954272 0.00650527 0.00427439 0.00653427 
130 0.174395 0.640981 0.0768778 0.0291895 0.0289519 0.0208887 0.00938354 0.00666173 0.00532859 0.00734229 
131 0.320646 0.656687 0.0167391 0.00220134 0.00123061 0.00093615 0.000496574 0.000381017 0.000266948 0.000415692 
132 0.127423 0.792508 0.0410612 0.0136863 0.00749585 0.00603027 0.00419106 0.00285705 0.00187726 0.00286978 
133 0.512993 0.484917 0.00143343 0.000634762 7.65326e-06 5.90025e-06 2.6052e-06 3.01109e-06 1.72184e-06 1.13168e-06 
134 0.267255 0.673919 0.0414517 0.0116763 0.0018815 0.0014313 0.000759225 0.000582546 0.000408143 0.000635563 
135 0.578554 0.399787 0.0164293 0.00173312 0.00122117 0.00071267 0.000581294 0.0003343 0.000270925 0.000377255 
136 0.353531 0.550976 0.0584814 0.0110696 0.00606221 0.00496387 0.00876704 0.00231062 0.00151822 0.00232092 
137 0.225824 0.682212 0.0440259 0.0154712 0.0122942 0.00674187 0.00457707 0.00290031 0.00238847 0.00356461 
138 0.156417 0.506885 0.121286 0.0787607 0.0465847 0.0283159 0.0170171 0.0160002 0.0130005 0.0157317 
139 0.411588 0.5877 0.00041701 0.000254473 1.45018e-05 1.02925e-05 5.4185e-06 2.74629e-06 5.21601e-06 2.7622e-06 
140 0.661106 0.333376 0.00459589 0.000344804 0.000190672 0.000145048 7.69398e-05 5.90352e-05 4.13612e-05 6.44079e-05 
141 0.558868 0.409368 0.0211186 0.00353554 0.00248237 0.00144871 0.00118165 0.000679561 0.000550732 0.000766878 
142 0.500612 0.495844 0.00232912 0.000450985 0.000252117 0.000191792 0.000101734 7.80599e-05 5.46903e-05 8.5164e-05 
143 0.178297 0.609406 0.0796869 0.0359255 0.0275112 0.033831 0.011549 0.00819905 0.00655826 0.00903666 
144 0.174492 0.712743 0.0513154 0.0188324 0.0144211 0.00966955 0.00605389 0.00429789 0.0034378 0.00473696 
145 0.243577 0.589689 0.080405 0.0233477 0.0325804 0.0101603 0.00689784 0.00437089 0.00359952 0.00537202 
146 0.212596 0.560301 0.0895268 0.0472398 0.0260994 0.0152648 0.023897 0.00924533 0.00599809 0.00983075 
147 0.307267 0.619054 0.033755 0.0206482 0.00672998 0.0039276 0.00320357 0.00184236 0.0014931 0.00207909 
148 0.370634 0.601434 0.0187158 0.00342218 0.00191313 0.00145536 0.000771985 0.000592337 0.000415003 0.000646245 
149 0.231216 0.613479 0.0677428 0.0236489 0.0187925 0.0104269 0.0211606 0.00443335 0.00365095 0.00544876 
150 0.369141 0.629857 0.00030923 3.36529e-05 1.5207e-05 0.000626339 5.17678e-06 5.98332e-06 3.42146e-06 2.24876e-06 
151 0.171648 0.813031 0.00913514 0.00125479 0.00356792 0.000510887 0.000270992 0.000207929 0.000145679 0.000226853 
152 0.274122 0.553017 0.132172 0.0142977 0.00781257 0.00628507 0.00436814 0.00297776 0.00195659 0.00299104 
153 0.570584 0.386374 0.0298281 0.00495288 0.00288428 0.00168326 0.00137296 0.000789585 0.000639898 0.000891039 
154 0.242967 0.753471 0.0034774 3.63862e-05 1.64254e-05 1.26747e-05 5.59642e-06 6.46834e-06 3.69881e-06 2.43105e-06 
155 0.315761 0.584469 0.0509336 0.0141549 0.0101975 0.0055921 0.00471599 0.00923519 0.00198405 0.00295669 
156 0.524112 0.47526 0.000200922 0.000399372 9.58894e-06 7.39934e-06 3.26712e-06 3.77613e-06 2.15931e-06 1.41921e-06 
157 0.436184 0.559707 0.00205748 0.00137681 0.000222761 0.00016946 8.98886e-05 6.89707e-05 4.83222e-05 7.52476e-05 
158 0.259787 0.571372 0.0955645 0.023649 0.0187925 0.0103054 0.00699638 0.00443333 0.00365095 0.00544876 
159 0.175626 0.537893 0.130161 0.061121 0.0314623 0.0183956 0.0151146 0.011145 0.00723057 0.0118508 
160 0.276815 0.643205 0.0438982 0.0126598 0.00693366 0.005578 0.00387673 0.00264277 0.00173647 0.00265455 
161 0.34862 0.524292 0.102279 0.0115669 0.00462365 0.00269835 0.00220093 0.00126575 0.00102579 0.00142838 
162 0.388711 0.585656 0.0157343 0.00327738 0.00231183 0.00134918 0.00110046 0.000632873 0.000512896 0.000714192 
163 0.30374 0.598748 0.0446673 0.0126275 0.00890777 0.0199037 0.00424006 0.00243842 0.00197616 0.00275174 
164 0.170151 0.564574 0.0962555 0.045123 0.0422368 0.0256731 0.0154288 0.0145068 0.0117872 0.0142634 
165 0.222272 0.768096 0.00640646 0.00119776 0.000669594 0.000509376 0.000270195 0.000207318 0.000145251 0.000226186 
166 0.158916 0.5104 0.182743 0.0398921 0.0368344 0.0223893 0.0134554 0.0126513 0.0102795 0.012439 
167 0.269497 0.569374 0.0954495 0.0330595 0.0110384 0.00740138 0.00463384 0.00328974 0.0026314 0.00362582 
168 0.299559 0.567482 0.0769102 0.0196657 0.0107707 0.00866485 0.0060221 0.00410527 0.00269743 0.00412357 
169 0.326514 0.636441 0.0199828 0.00564916 0.00398486 0.00232555 0.00189685 0.00109087 0.00088407 0.00123104 
170 0.335926 0.590663 0.0536136 0.00655476 0.00462365 0.00269835 0.00220093 0.00126575 0.00102579 0.00142838 
171 0.291543 0.606051 0.0718949 0.0101022 0.00712586 0.00415864 0.00339202 0.00195074 0.00158093 0.00220139 
172 0.24002 0.589471 0.0692029 0.0345492 0.0244529 0.0103777 0.00721252 0.0054383 0.0138822 0.00539349 
173 0.299333 0.604568 0.04402 0.0124445 0.00877832 0.0196156 0.00417858 0.00240308 0.00194752 0.00271186 
174 0.40234 0.515067 0.0698388 0.0047365 0.00264723 0.00201381 0.00106821 0.000819629 0.000574248 0.000894222 
175 0.507382 0.484261 0.00465847 0.000737606 0.00213182 0.000319443 0.000162022 0.000124318 8.70994e-05 0.000135632 
176 0.144381 0.801164 0.0274782 0.00946526 0.00518404 0.00417047 0.00289849 0.0019759 0.00129829 0.00198471 
177 0.258565 0.681103 0.0418825 0.00937121 0.00319742 0.00184106 0.00150168 0.000863608 0.000699889 0.000974574 
178 0.252546 0.596995 0.0779045 0.0308993 0.0159596 0.00858786 0.00583031 0.00369444 0.00304245 0.00454064 
179 0.595249 0.395776 0.00823565 0.000430706 0.000109267 7.75512e-05 4.0827e-05 2.06926e-05 3.93013e-05 2.08125e-05 
180 0.211414 0.778551 0.00474199 0.00126666 0.00236276 0.000520596 0.000424627 0.000244202 0.000197907 0.000275579 
181 0.524204 0.456524 0.0174426 0.00068072 0.000379437 0.000288646 0.00015311 0.00011748 8.23089e-05 0.000128172 
182 0.179102 0.548399 0.104215 0.0478377 0.0347992 0.0209679 0.0312479 0.012327 0.00799745 0.0131077 
183 0.195988 0.458869 0.342196 0.000427014 0.00226156 9.8135e-05 5.07548e-05 3.89437e-05 2.72847e-05 4.24879e-05 
184 0.239019 0.726476 0.0202884 0.00647137 0.00270401 0.00157805 0.00128715 0.000740236 0.000599905 0.000835349 
185 0.777509 0.2129 0.00723698 0.000234476 0.00200152 5.61316e-05 2.0754e-05 1.05189e-05 1.99785e-05 1.05798e-05 
186 0.408591 0.507718 0.0509868 0.00550572 0.0223574 0.00183465 0.00095694 0.000734251 0.000514431 0.000801074 
187 0.25204 0.52738 0.12346 0.0388871 0.0139944 0.00767426 0.00797491 0.0192634 0.00526857 0.00405759 
188 0.612493 0.379625 0.00498851 0.00149169 0.000491823 0.000284838 0.00023233 0.000133612 0.000108283 0.00015078 
189 0.642834 0.355134 0.00122893 0.000538395 8.73945e-05 6.64828e-05 3.52653e-05 2.70588e-05 1.89579e-05 2.95213e-05 
190 0.26292 0.565913 0.0800691 0.0365973 0.0198437 0.00860754 0.0153315 0.00402707 0.00264605 0.00404503 
191 0.158145 0.811105 0.0150634 0.00506245 0.00402286 0.00220606 0.0014977 0.000949031 0.000781548 0.0011664 
192 0.262986 0.667004 0.0462158 0.00787785 0.00555686 0.00324297 0.00264515 0.00152122 0.00123283 0.00171668 
193 0.137778 0.840356 0.0154927 0.00124054 0.00372834 0.000526836 0.000279228 0.000214249 0.000150107 0.000233748 
194 0.378529 0.571053 0.0318288 0.00716401 0.00338227 0.00272098 0.00189109 0.00128915 0.000847058 0.0012949 
195 0.220213 0.770988 0.00474614 0.00134168 0.000946403 0.000552319 0.000450503 0.000259083 0.000209967 0.000292372 
196 0.167857 0.607678 0.0830543 0.0709496 0.0238432 0.015987 0.0100091 0.00710585 0.00568383 0.00783177 
197 0.147728 0.546144 0.116177 0.0470034 0.0439967 0.0267428 0.0160717 0.015117 0.0261614 0.0148578 
198 0.231892 0.552779 0.101406 0.0522684 0.0273931 0.0115907 0.00805554 0.00549146 0.00360825 0.00551594 
199 0.561499 0.398975 0.0299033 0.00785967 0.000582258 0.000442935 0.000234952 0.000180276 0.000126305 0.000196683 
200 0.456527 0.529011 0.0072725 0.00171952 0.00121181 0.00270655 0.000576646 0.000331626 0.000268757 0.000374237 
201 0.233206 0.579961 0.0723128 0.0515999 0.0212974 0.0142741 0.0089367 0.00634451 0.00507485 0.00699265 
202 0.148753 0.847091 0.00374642 0.000239126 6.06648e-05 4.30563e-05 2.26671e-05 1.14885e-05 2.182e-05 1.1555e-05 
203 0.137587 0.792601 0.0288451 0.0125546 0.0096141 0.00644637 0.00403593 0.00286526 0.00229186 0.00315797 
204 0.218632 0.718664 0.0422684 0.00659552 0.00524094 0.00287403 0.00195118 0.00123639 0.00101819 0.00151958 
205 0.153903 0.814907 0.0124408 0.00350904 0.00654961 0.00144279 0.00117682 0.000685075 0.00462183 0.000763748 
206 0.600823 0.395963 0.00261558 0.000348599 8.8438e-05 6.2768e-05 3.30444e-05 1.67481e-05 3.18095e-05 1.68451e-05 
207 0.216664 0.523297 0.121566 0.0432738 0.0314623 0.0183956 0.0151146 0.011145 0.00723057 0.0118508 
208 0.418404 0.576359 0.0044773 0.000122901 0.000580642 2.21019e-05 1.16264e-05 5.89267e-06 1.11919e-05 5.9268e-06 
209 0.309358 0.56736 0.0576614 0.0122668 0.00865283 0.00504989 0.0184045 0.00237039 0.0162038 0.00267312 
210 0.365605 0.627069 0.00459106 0.000667029 0.00120842 0.000269064 0.000219423 0.000126189 0.000102267 0.000142404 
211 0.218974 0.572584 0.0729528 0.0328896 0.0251933 0.0318428 0.0237601 0.00752576 0.00600404 0.008273 
212 0.295243 0.507064 0.0877238 0.0312603 0.0227401 0.0132977 0.0208235 0.00805528 0.00522606 0.0085654 
213 0.323804 0.589354 0.0698695 0.00874921 0.00289735 0.00166738 0.00136001 0.000782136 0.000633862 0.000882633 
214 0.152514 0.58534 0.107866 0.0715479 0.0273423 0.0159867 0.0131353 0.00968552 0.00628371 0.0102989 
215 0.243072 0.655686 0.0519058 0.0306824 0.0065129 0.00380091 0.00310023 0.00178293 0.00144493 0.00201202 
216 0.236587 0.736524 0.018907 0.00264429 0.00186369 0.00108764 0.000887143 0.000510193 0.000413473 0.000575748 
217 0.180214 0.647199 0.0807072 0.0287026 0.0208795 0.012208 0.0100306 0.00739622 0.00479847 0.0078646 
218 0.172543 0.523526 0.118153 0.0554965 0.0527066 0.0244228 0.0146476 0.0137723 0.0111903 0.0135412 
219 0.174591 0.709264 0.0623136 0.0243086 0.00999009 0.00669846 0.00419376 0.00297731 0.00238149 0.00328147 
220 0.593425 0.399579 0.00580939 0.000440738 0.000246387 0.000187433 9.94223e-05 7.62858e-05 5.34473e-05 8.32285e-05 
221 0.184972 0.674272 0.0663295 0.0331948 0.0122402 0.00980747 0.00681623 0.00464662 0.00305313 0.00466734 
222 0.841884 0.155892 0.00129715 0.000608455 0.000105062 7.99204e-05 4.23932e-05 3.25279e-05 2.27897e-05 3.54882e-05 
223 0.276803 0.582009 0.0628453 0.0291786 0.0144562 0.00792726 0.00538183 0.00341135 0.0137963 0.00419136 
224 0.346183 0.547919 0.0456999 0.0344643 0.00974526 0.00534356 0.00362775 0.00229876 0.00189308 0.00282528 
225 0.206802 0.589417 0.0877653 0.0302323 0.0314832 0.0133398 0.0241642 0.00631108 0.00414679 0.00633922 
226 0.292662 0.568098 0.0907265 0.0170216 0.00932256 0.00749983 0.00521241 0.0035533 0.00233475 0.00356914 
227 0.172974 0.60614 0.0773081 0.0348536 0.0416147 0.017896 0.0261294 0.00795433 0.00636249 0.00876691 
228 0.176031 0.577546 0.0955874 0.0555519 0.0315474 0.0183956 0.0151146 0.011145 0.00723057 0.0118508 
229 0.335579 0.518715 0.0856146 0.0162297 0.0226824 0.00709064 0.00480143 0.00304248 0.00250555 0.00373935 
230 0.303982 0.693763 0.00215077 4.53256e-05 2.04638e-05 1.5791e-05 6.97237e-06 8.05865e-06 4.6082e-06 3.02875e-06 
231 0.199693 0.561659 0.102265 0.0301709 0.0229263 0.0301649 0.0321368 0.00798827 0.00546522 0.00753055 
232 0.348042 0.49595 0.062679 0.0319527 0.0226788 0.0174763 0.00924857 0.00449832 0.00295569 0.00451838 
233 0.169635 0.507454 0.124581 0.0466437 0.05541 0.0260202 0.0156373 0.0282163 0.0119465 0.0144562 
234 0.245621 0.66905 0.0345313 0.0155677 0.0119215 0.0079935 0.00500455 0.00355292 0.00284191 0.00391589 
235 0.222362 0.639935 0.135282 0.000944068 0.000487499 0.000370852 0.000196716 0.000150938 0.00010575 0.000164675 
236 0.258636 0.58139 0.0771454 0.02246 0.0312008 0.00974838 0.00661819 0.00419369 0.0034536 0.00515423 
237 0.32641 0.611738 0.0487957 0.00484809 0.00271026 0.00206176 0.00109364 0.000839144 0.000587921 0.000915513 
238 0.286058 0.555451 0.0667917 0.0281691 0.0263337 0.0127569 0.00798599 0.00566956 0.00453497 0.00624875 
239 0.442921 0.496684 0.0487203 0.00790715 0.00124405 0.000946381 0.000502001 0.000385181 0.000269865 0.000420236 
240 0.354781 0.501666 0.11429 0.00974638 0.00739031 0.0040527 0.00275138 0.00174344 0.00143577 0.00214277 
241 0.640751 0.35532 0.00297848 0.000352897 0.000197281 0.000150076 7.96067e-05 6.10815e-05 4.27949e-05 6.66404e-05 
242 0.197939 0.568767 0.123501 0.0418907 0.0159293 0.0128375 0.0230591 0.00604061 0.00396907 0.00606754 
243 0.15738 0.607184 0.0991297 0.0363895 0.0340619 0.0207041 0.0124426 0.011699 0.00950577 0.0115028 
244 0.329072 0.603234 0.0340525 0.0130897 0.00503654 0.00795855 0.00268518 0.00183049 0.00120275 0.00183865 
245 0.301585 0.604526 0.0619737 0.0112112 0.0061292 0.00493083 0.00342694 0.00233615 0.001535 0.00234656 
246 0.257193 0.718074 0.0213913 0.00311809 7.93842e-05 5.63415e-05 2.96611e-05 1.50333e-05 2.85527e-05 1.51204e-05 
247 0.182147 0.772029 0.0393443 0.00215389 0.00151047 0.000881507 0.000719007 0.000413498 0.000335109 0.000466629 
248 0.159038 0.597655 0.0959001 0.0393582 0.0368344 0.0223893 0.0134554 0.0126513 0.0102795 0.012439 
249 0.424691 0.551214 0.0147323 0.0030999 0.00218664 0.00127612 0.00104087 0.000598602 0.000485121 0.000675517 
250 0.395644 0.531719 0.0547407 0.00593174 0.00417723 0.00243782 0.00198842 0.00114354 0.000926749 0.00129047 
251 0.209548 0.529278 0.135101 0.049637 0.0316845 0.0129262 0.0106093 0.00782292 0.0050753 0.00831832 
252 0.220218 0.60404 0.0816705 0.0420217 0.0154081 0.0123956 0.00861495 0.00587281 0.00385882 0.005899 
253 0.266731 0.620785 0.0719116 0.0179966 0.00668304 0.00537638 0.00373661 0.00254724 0.00167371 0.0025586 
254 0.177309 0.564928 0.0936012 0.0749593 0.0295519 0.0172164 0.0141457 0.0104306 0.00676707 0.0110911 
255 0.197084 0.568533 0.0972614 0.0389789 0.0283612 0.0289181 0.0136218 0.0100442 0.00651644 0.0106803 
256 0.250119 0.732807 0.0115451 0.00183086 0.00129147 0.000753697 0.000614758 0.000353545 0.000286522 0.000398973 
257 0.177314 0.600161 0.087037 0.0469751 0.0392695 0.0168877 0.010573 0.00750618 0.00600404 0.008273 
258 0.300677 0.601414 0.0518389 0.0110086 0.00776536 0.00453185 0.00369643 0.00212581 0.00262373 0.0143185 
259 0.246206 0.660118 0.0577414 0.009616 0.0150277 0.00353485 0.00288322 0.00165813 0.00134379 0.00187118 
260 0.177637 0.647319 0.0882087 0.0387892 0.0142229 0.011442 0.00795226 0.00542106 0.00356199 0.00544523 
261 0.233728 0.711232 0.0424785 0.00649564 0.0021179 0.00123596 0.00100812 0.000579765 0.000469855 0.00065426 
262 0.278045 0.550988 0.0664547 0.0320537 0.0406734 0.0109004 0.00682439 0.0048449 0.00387534 0.00533985 
263 0.187239 0.587647 0.106523 0.0409316 0.0284939 0.0134696 0.0181156 0.00808507 0.00375453 0.00573956 
264 0.455861 0.503291 0.022153 0.0119769 0.000377786 0.000230871 0.000121542 6.91656e-05 0.00568599 0.000232529 
265 0.343957 0.20795 0.430605 0.00653109 0.00324382 0.00260959 0.00181367 0.00123638 0.000812383 0.00124189 
266 0.176428 0.540219 0.117579 0.0472839 0.049045 0.020043 0.0164681 0.012143 0.00787809 0.012912 
267 0.404735 0.498859 0.076456 0.00660523 0.00465922 0.00271911 0.00221786 0.00127548 0.00103368 0.00143937 
268 0.163726 0.609341 0.107983 0.0352321 0.0415932 0.0144462 0.00904437 0.00642095 0.00513599 0.0070769 
269 0.141818 0.526615 0.134363 0.0599514 0.0422594 0.0256731 0.0154288 0.0147284 0.0248989 0.0142635 
270 0.265307 0.661082 0.0678083 0.00215482 0.00120456 0.000916337 0.000486064 0.000372953 0.000261298 0.000406895 
271 0.161158 0.530615 0.1672 0.0452309 0.0326573 0.0198503 0.0119295 0.0112166 0.00911378 0.0110284 
272 0.277179 0.617434 0.0601458 0.0118903 0.00738656 0.00534319 0.0146751 0.00202588 0.00163876 0.00228193 
273 0.286779 0.489217 0.143122 0.0300423 0.0149563 0.0195509 0.00556784 0.00352651 0.00290416 0.00433424 
274 0.22796 0.563049 0.122663 0.0374001 0.0185278 0.0101603 0.00689784 0.00437089 0.00359952 0.00537202 
275 0.204012 0.706195 0.0539237 0.0115764 0.00919913 0.00504462 0.0034248 0.00217016 0.00178718 0.00266723 
276 0.302385 0.595602 0.0467289 0.028595 0.00931843 0.00543822 0.00443572 0.00255097 0.00206736 0.00287874 
277 0.176404 0.606393 0.0927625 0.0420049 0.0251261 0.0270105 0.0102134 0.00692128 0.00553619 0.00762835 
278 0.287668 0.702765 0.00590911 0.00121112 0.000854299 0.000498567 0.00040666 0.000233869 0.000189533 0.000263919 
279 0.424155 0.527573 0.035551 0.00414324 0.00324809 0.00178119 0.00120925 0.000766255 0.000631028 0.000941761 
280 0.288146 0.541163 0.0715011 0.0295994 0.0281182 0.0131011 0.00781866 0.00735143 0.00597322 0.0072281 
281 0.232617 0.608459 0.0682094 0.0310265 0.0172692 0.0113116 0.0165158 0.00502776 0.00402158 0.00554135 
282 0.309676 0.535005 0.075288 0.0280885 0.0230473 0.00990929 0.00620399 0.00440445 0.00352303 0.0048544 
283 0.185601 0.669157 0.0650349 0.0245806 0.0188234 0.0126213 0.00790192 0.00560988 0.00448723 0.00618298 
284 0.165787 0.631865 0.0816697 0.0379044 0.0316763 0.0136301 0.0198924 0.00605613 0.00484417 0.00667481 
285 0.376099 0.540052 0.0295752 0.0277227 0.00588057 0.00367905 0.0114561 0.00241459 0.00130465 0.00181668 
286 0.542032 0.407237 0.0404943 0.00879405 0.000476584 0.000362317 0.000192189 0.000147465 0.000103317 0.000160885 
287 0.355202 0.63567 0.00619556 0.00108888 0.000608722 0.000463069 0.000245632 0.000188471 0.000132046 0.000205623 
288 0.234802 0.554734 0.13134 0.0453958 0.0127731 0.00700369 0.00475482 0.00301294 0.00248122 0.00370304 
289 0.226759 0.499666 0.12329 0.0481727 0.0348106 0.0211591 0.0127161 0.0119562 0.00971469 0.0117556 
290 0.279248 0.668311 0.0343661 0.0035107 0.0019626 0.001493 0.00079195 0.000607656 0.000425789 0.00928359 
291 0.316547 0.578915 0.0553119 0.0117626 0.00829723 0.00484225 0.00394961 0.00227142 0.0155394 0.00256327 
292 0.253518 0.726931 0.0128099 0.00130946 0.000735131 0.0037692 0.000295398 0.00022665 0.000158795 0.000247277 
293 0.139952 0.532476 0.121299 0.0576904 0.0416811 0.025422 0.0282732 0.0143397 0.0116328 0.027233 
294 0.170943 0.575807 0.105602 0.0525296 0.0330818 0.0179051 0.0147115 0.0108478 0.00703776 0.0115347 
295 0.248856 0.671221 0.0366324 0.0223891 0.00729757 0.00425885 0.00347375 0.00199774 0.00161902 0.00225444 
296 0.326295 0.625992 0.0333837 0.00462485 0.00367451 0.00201503 0.00136801 0.000866852 0.000713872 0.0010654 
297 0.249002 0.58424 0.0724605 0.025468 0.0202381 0.0111132 0.0229041 0.00477441 0.00393179 0.0058679 
298 0.751567 0.243375 0.00240611 0.00159914 0.000367672 0.000214363 0.000174846 0.000100554 8.1491e-05 0.000113474 
299 0.203736 0.752673 0.0230565 0.0049067 0.00346113 0.00202016 0.00734731 0.000961783 0.000767878 0.00106925 
300 0.183549 0.563174 0.12202 0.0410038 0.0298279 0.01744 0.0143294 0.010566 0.00685496 0.0112351 
301 0.290915 0.601608 0.0429758 0.0259825 0.00853108 0.0057425 0.0173815 0.00233543 0.00189266 0.00263547 
302 0.338513 0.620758 0.0186547 0.00604195 0.00456179 0.00305874 0.00202506 0.00375319 0.00113478 0.00149843 
303 0.311672 0.665666 0.0123708 0.00340743 0.00240356 0.00140272 0.00114413 0.000657987 0.000533249 0.000742533 
304 0.19276 0.630466 0.0921038 0.025953 0.0198691 0.0133225 0.00834092 0.00592154 0.00473652 0.00652648 
305 0.242492 0.57995 0.0821197 0.029877 0.0216674 0.0126687 0.0104091 0.00767532 0.00497954 0.00816138 
306 0.394303 0.543107 0.0312951 0.00607821 0.00339794 0.00258491 0.0162965 0.00105207 0.000737094 0.00114781 
307 0.346815 0.563761 0.0502688 0.0126368 0.0100418 0.00550672 0.00373852 0.00236896 0.00195089 0.00291155 
308 0.213165 0.592168 0.0904658 0.0465471 0.0170675 0.0137305 0.00954271 0.00650527 0.00427439 0.00653427 
309 0.370955 0.56571 0.0377651 0.0171618 0.00277637 0.00211205 0.00112032 0.000859611 0.00060226 0.000937843 
310 0.215305 0.572329 0.0996882 0.0438735 0.0161475 0.0273549 0.00899242 0.00612815 0.0040266 0.00615547 
311 0.332963 0.571763 0.0628558 0.0107334 0.00757123 0.00441855 0.00360402 0.00207266 0.00167973 0.00233898 
312 0.238208 0.568744 0.133506 0.020907 0.011437 0.00920082 0.0063946 0.0043592 0.00286428 0.00437864 
313 0.514675 0.472364 0.00857988 0.00145046 0.00102314 0.000597102 0.00048703 0.000280089 0.000226991 0.000316078 
314 0.207616 0.599203 0.102229 0.0242423 0.0244048 0.0104622 0.0187558 0.00491682 0.00323064 0.00493869 
315 0.496971 0.428027 0.0373276 0.0179766 0.00902799 0.00856309 0.000670556 0.000514511 0.000360477 0.000561337 
316 0.505033 0.453524 0.0252337 0.00536671 0.00378561 0.00220928 0.00180201 0.00103633 0.000839866 0.00116949 
317 0.26038 0.575388 0.0713626 0.0250822 0.0199314 0.01093 0.0074204 0.00470202 0.00393589 0.0208668 
318 0.213165 0.592168 0.0904657 0.0311625 0.0170675 0.0137305 0.00999411 0.0214385 0.00427439 0.00653427 
319 0.257185 0.544636 0.130466 0.0291136 0.0146164 0.00801534 0.00544163 0.00344815 0.00283962 0.00423793 
320 0.18854 0.546975 0.101176 0.0611087 0.033777 0.0197482 0.0162259 0.0119645 0.00776223 0.0127221 
321 0.169867 0.620135 0.114021 0.02992 0.0223528 0.0149878 0.00938354 0.00666173 0.00532859 0.00734229 
322 0.336032 0.600793 0.032318 0.0176582 0.00177863 0.00135303 0.000717705 0.00055079 0.0081982 0.000600829 
323 0.0913472 0.639959 0.116849 0.0312105 0.0355525 0.0355412 0.0110657 0.0138033 0.00813788 0.0165339 
324 0.186515 0.501957 0.110481 0.0463593 0.0570634 0.0264057 0.0158515 0.0149043 0.018675 0.021788 
325 0.208275 0.747055 0.0233675 0.00747441 0.00409367 0.00329328 0.00228884 0.0015603 0.00102522 0.00156726 
326 0.155626 0.740055 0.0465194 0.0243959 0.0126488 0.00693635 0.0047091 0.00298397 0.00245737 0.00366744 
327 0.249204 0.604633 0.0828367 0.0204379 0.0162404 0.00890593 0.00604625 0.00383127 0.00315514 0.00470881 
328 0.178297 0.619336 0.0851411 0.0359255 0.0275111 0.0184465 0.011549 0.00819905 0.00655826 0.00903666 
329 0.206802 0.589416 0.0877653 0.0302323 0.0173882 0.0274087 0.0102548 0.0202379 0.00415542 0.00633922 
330 0.330705 0.611782 0.0378647 0.0065051 0.00458862 0.00267791 0.00218426 0.00125616 0.00101802 0.00141756 
331 0.815174 0.17398 0.0069931 0.00343261 0.00014895 0.000105714 5.56536e-05 2.82073e-05 5.35739e-05 2.83707e-05 
332 0.274073 0.57108 0.0672848 0.0236489 0.0187925 0.0103072 0.0212803 0.00443335 0.00365095 0.00544876 
333 0.178297 0.609406 0.0796869 0.0359255 0.0275111 0.0184465 0.011549 0.0131955 0.0169464 0.00903666 
334 0.491982 0.493432 0.0073815 0.00483417 0.000783898 0.000595147 0.000315691 0.000242227 0.000169709 0.000264272 
335 0.231055 0.658723 0.0592967 0.0227486 0.00834124 0.00671038 0.00466373 0.00317927 0.00208899 0.00319344 
336 0.241569 0.596644 0.0852292 0.0247078 0.019634 0.0107669 0.00730965 0.00463184 0.00381442 0.00569274 
337 0.316199 0.633207 0.0453055 0.00356011 0.000570596 0.000434055 0.000230241 0.000176662 0.000123773 0.00019274 
338 0.237384 0.755661 0.00568208 0.000472985 0.000264416 0.000201147 0.000106697 8.18677e-05 5.73581e-05 8.93184e-05 
339 0.443926 0.535308 0.0123792 0.00553412 0.00100501 0.000692751 0.000367465 0.000281952 0.000197541 0.000307612 
340 0.202489 0.675651 0.0658112 0.0196657 0.0107707 0.00866485 0.0060221 0.00410527 0.00269743 0.00412357 
341 0.267613 0.586322 0.0994234 0.01506 0.0119589 0.006558 0.00445224 0.00282121 0.00232333 0.00346739 
342 0.253794 0.618943 0.0633654 0.0285431 0.0104659 0.00841962 0.00585167 0.00398908 0.00262109 0.00400687 
343 0.493219 0.483495 0.0153332 0.00256655 0.0020395 0.00111842 0.000759297 0.000481137 0.000396227 0.000591338 
344 0.161157 0.507094 0.109379 0.0527554 0.0757159 0.0302782 0.0175328 0.016485 0.0133945 0.0162085 
345 0.29673 0.563969 0.132887 0.00238153 0.00133136 0.00101279 0.000537229 0.000412211 0.000288803 0.000449726 
346 0.127188 0.498089 0.115111 0.064004 0.0660829 0.0463535 0.0281077 0.0157578 0.0116657 0.0276409 
347 0.304016 0.570994 0.0809068 0.0154754 0.00846859 0.00681282 0.00473494 0.00322781 0.00212088 0.0032422 
348 0.176428 0.540214 0.11795 0.0616835 0.0342798 0.020043 0.0164681 0.012143 0.00787809 0.012912 
349 0.400258 0.526594 0.029532 0.00573582 0.017291 0.00243926 0.00140609 0.0149651 0.000695568 0.00108314 
350 0.44498 0.51245 0.0335805 0.00333834 0.00186608 0.00141957 0.000753002 0.000577771 0.000404798 0.000630353 
351 0.210196 0.598523 0.124666 0.021499 0.0170841 0.00936858 0.00636034 0.0040303 0.00331904 0.00495342 
352 0.170469 0.641306 0.0761713 0.0343406 0.0262974 0.0176327 0.0110395 0.00783733 0.00626893 0.00863798 
353 0.3844 0.598671 0.0156983 0.000457245 0.000255513 0.000194375 0.000103105 7.91112e-05 5.54269e-05 8.6311e-05 
354 0.276831 0.559363 0.113193 0.0120942 0.0226154 0.00497865 0.00406087 0.00233539 0.00189266 0.00263547 
355 0.206143 0.619968 0.0638082 0.0409546 0.0199793 0.0198302 0.0101295 0.00707464 0.00458984 0.00752266 
356 0.245229 0.575389 0.0865135 0.0250822 0.0199314 0.01093 0.0074204 0.00470202 0.00387719 0.0209255 
357 0.276843 0.601543 0.0569168 0.0124448 0.0362965 0.0050314 0.00406087 0.00233539 0.00189266 0.00263547 
358 0.326808 0.645807 0.0222805 0.00297472 0.00075467 0.00053562 0.000281978 0.000142917 0.000271441 0.000143745 
359 0.212554 0.696977 0.0543465 0.0116579 0.00926391 0.00508014 0.00344892 0.00218544 0.00179976 0.00268601 
360 0.179847 0.62302 0.073995 0.0333936 0.039767 0.0171595 0.010724 0.00761341 0.00608981 0.00839118 
361 0.188739 0.580031 0.111501 0.0324434 0.0248364 0.0166531 0.0108183 0.0208957 0.00592366 0.00815809 
362 0.552376 0.356135 0.0586079 0.0106119 0.00843254 0.00462423 0.0031394 0.00198931 0.00163824 0.00244496 
363 0.451326 0.458207 0.0864326 0.000791006 0.00235624 0.000332436 0.000176327 0.000135294 9.47895e-05 0.000147607 
364 0.770064 0.204759 0.0127269 0.00601047 0.00257145 0.0012928 0.000877681 0.000556152 0.000458004 0.000683536 
365 0.342091 0.566693 0.0752235 0.00541378 0.00369328 0.00215539 0.00175806 0.00101105 0.000819382 0.00114097 
366 0.170125 0.643397 0.0699952 0.0315995 0.0376354 0.016203 0.0101444 0.00720187 0.00576063 0.00793761 
367 0.145456 0.509467 0.149143 0.0672817 0.039597 0.0281435 0.0228895 0.0136002 0.0110505 0.013372 
368 0.183122 0.719629 0.0613801 0.0115767 0.00919913 0.00504462 0.0034248 0.00217016 0.00178718 0.00266723 
