2 0.534139 0.465376 1.92229e-05 0.000465095 6.13738e-07 2.27081e-07 0 0 0 0 
3 0.0919691 0.904395 0.00291828 0.000379454 0.000165303 8.79844e-05 3.2336e-05 2.35535e-05 1.52188e-05 1.44057e-05 
4 0.0771527 0.620639 0.136948 0.0771766 0.0383824 0.0228167 0.00939718 0.0079832 0.00463073 0.00487267 
5 0.194287 0.750278 0.0364006 0.00936476 0.00410757 0.00249773 0.00119677 0.000640609 0.000695676 0.000530877 
6 0.194287 0.750278 0.0364006 0.00936476 0.00410757 0.00249773 0.00119677 0.000640609 0.000695676 0.000530877 
7 0.247881 0.719491 0.0235065 0.00436327 0.00195868 0.0011159 0.000669198 0.000414575 0.000261347 0.000338586 
8 0.306102 0.666484 0.0147138 0.0125837 9.74216e-05 0 0 0 9.93694e-06 9.93691e-06 
9 0.423202 0.576691 8.39084e-05 1.52133e-05 4.60728e-06 1.26715e-06 7.55306e-07 7.57521e-07 2.52875e-07 3.78281e-07 
10 0.0744908 0.745558 0.0867315 0.0419214 0.0200221 0.0137364 0.00637895 0.0042037 0.00326614 0.00369073 
11 0.623944 0.375942 5.44327e-06 2.57656e-06 0.000105867 1.03079e-07 0 0 0 0 
12 0.306348 0.688804 0.00441216 0.000285293 8.63996e-05 2.37627e-05 1.41641e-05 1.42057e-05 4.74213e-06 7.09383e-06 
13 0.339675 0.607581 0.0270431 0.0114692 0.00525535 0.00384062 0.0020699 0.00133875 0.00072597 0.00100114 
14 0.330776 0.640768 0.0282465 9.85051e-05 9.20093e-05 0 0 0 9.38489e-06 9.38485e-06 
15 0.10357 0.895376 0.000155566 0.000895377 2.22048e-06 6.44315e-07 2.57494e-07 0 0 2.57675e-07 
16 0.0820067 0.59127 0.177707 0.0530768 0.0276552 0.045081 0.00942628 0.00527913 0.004117 0.0043811 
17 0.968088 0.0319017 8.17452e-06 1.03311e-06 9.64987e-07 0 0 0 0 0 
18 0.225309 0.771531 0.00223254 0.000841892 4.15943e-05 2.21384e-05 8.13629e-06 5.92648e-06 3.82931e-06 3.62472e-06 
19 0.0404665 0.958112 0.00140903 1.07581e-05 1.58256e-06 0 0 0 1.6142e-07 1.61419e-07 
20 0.0336466 0.966336 1.22203e-05 3.81985e-06 5.96721e-07 2.20865e-07 0 0 0 0 
21 0.175969 0.816626 0.00721378 0.000125301 3.7362e-05 1.02758e-05 6.12502e-06 6.14299e-06 2.05065e-06 3.0676e-06 
22 0.235521 0.7644 7.50695e-05 1.43107e-06 1.3367e-06 0 0 0 1.36342e-07 1.36342e-07 
23 0.644482 0.353255 0.00223838 2.20718e-05 1.75243e-06 6.48629e-07 2.59218e-07 0 0 2.594e-07 
24 0.161907 0.500797 0.285104 0.0228724 0.0122465 0.00684517 0.004155 0.00232699 0.00181473 0.00193114 
25 0.0753519 0.611219 0.137338 0.0660023 0.0608754 0.0216147 0.0100375 0.00661464 0.00513937 0.00580747 
26 0.294863 0.664019 0.0138645 0.0139383 0.0125558 0.000580422 6.3111e-05 6.32961e-05 2.11295e-05 3.16079e-05 
27 0.49332 0.506565 9.35375e-05 1.38229e-05 4.18619e-06 1.15134e-06 6.86273e-07 6.88286e-07 2.29763e-07 3.43707e-07 
28 0.302126 0.691032 0.00624898 0.000313524 0.000136582 7.26972e-05 2.67176e-05 1.94611e-05 1.25745e-05 1.19027e-05 
29 0.400248 0.599597 4.66897e-05 0.000107253 5.72947e-07 0 0 0 0 0 
30 0.168295 0.823071 0.00407587 0.00241925 0.000789972 0.000577312 0.000311142 0.000201237 0.000109126 0.000150488 
31 0.36856 0.627382 0.00266612 0.000685226 0.000300553 0.00018276 8.75685e-05 4.68738e-05 5.09031e-05 3.88446e-05 
32 0.116543 0.718663 0.0816891 0.0303657 0.0143051 0.00927849 0.0214021 0.0021586 0.00250881 0.00308576 
33 0.314194 0.684125 0.00149802 9.66176e-05 4.20899e-05 2.24028e-05 8.23347e-06 5.99726e-06 3.87505e-06 3.66802e-06 
34 0.155 0.827902 0.0157598 0.000706549 0.00030779 0.000163825 6.02087e-05 4.3856e-05 2.8337e-05 2.6823e-05 
35 0.358765 0.641223 8.7628e-06 2.98381e-06 4.66119e-07 1.72525e-07 0 0 0 0 
36 0.176358 0.818319 0.00502012 0.000198073 5.99855e-05 1.6498e-05 9.83387e-06 9.86271e-06 3.29236e-06 4.9251e-06 
37 0.271906 0.727648 0.000149077 0.000282829 7.91587e-06 2.17711e-06 1.2977e-06 1.30151e-06 4.34468e-07 6.49928e-07 
38 0.224926 0.770847 0.00339452 0.000440034 0.000191694 0.000102031 3.74984e-05 2.73139e-05 1.76485e-05 1.67056e-05 
39 0.107588 0.772057 0.059661 0.0221772 0.0104475 0.00673219 0.015675 0.00157651 0.00183228 0.00225365 
40 0.194883 0.800329 0.00360708 0.00109057 4.4131e-05 2.34507e-05 8.61857e-06 6.27777e-06 4.05629e-06 3.83958e-06 
41 0.647369 0.332787 0.0198342 7.77388e-06 1.19129e-06 4.40932e-07 1.76214e-07 0 0 1.76338e-07 
42 0.258871 0.697304 0.0340827 0.00821785 0.000743302 0.000395631 0.000145402 0.000105911 6.84328e-05 6.47767e-05 
43 0.233658 0.765496 0.000137191 0.000697258 6.94719e-06 1.91057e-06 1.13882e-06 1.14216e-06 3.81277e-07 5.70358e-07 
44 0.456365 0.540577 0.00205928 0.000491706 0.000215672 0.000131146 6.28376e-05 3.36358e-05 3.65271e-05 2.78742e-05 
45 0.607548 0.392342 1.21326e-05 9.73421e-05 5.09464e-07 1.87103e-07 0 0 0 0 
46 0.152778 0.840131 0.00569012 0.00073988 0.000322317 0.000171557 6.30504e-05 4.59259e-05 2.96744e-05 2.8089e-05 
47 0.148821 0.833488 0.0116222 0.00298586 0.00130966 0.000796376 0.000381579 0.000204252 0.00022181 0.000169265 
48 0.136827 0.839854 0.0190017 0.00212397 0.000931613 0.000566495 0.000271433 0.000145293 0.000157782 0.000120405 
49 0.0839465 0.912721 0.000869668 0.00245917 2.26808e-06 7.04272e-07 2.81455e-07 0 0 2.81653e-07 
50 0.345376 0.649048 0.00404027 0.000755592 0.000331417 0.000201528 9.65609e-05 5.16873e-05 5.61303e-05 4.28336e-05 
51 0.278342 0.720541 0.000141939 0.00096445 5.9538e-06 1.63528e-06 9.74735e-07 9.77594e-07 3.2634e-07 4.88177e-07 
52 0.217168 0.767935 0.0135894 0.000690964 0.000301007 0.000160214 5.88818e-05 4.28895e-05 2.77125e-05 2.62319e-05 
53 0.0842031 0.681414 0.155904 0.0287271 0.0205939 0.0116906 0.00709618 0.00397418 0.00309931 0.00329813 
54 0.106994 0.678778 0.12304 0.0344083 0.015766 0.0115218 0.00620969 0.00401624 0.00218584 0.01708 
55 0.16319 0.83625 6.49128e-05 0.00049441 4.17378e-07 1.51338e-07 0 0 0 0 
56 0.181076 0.818403 0.000407393 7.4113e-05 2.24448e-05 6.17304e-06 3.67954e-06 3.69033e-06 1.2319e-06 1.84282e-06 
57 0.189787 0.793304 0.0145231 0.0012604 0.000549072 0.00029225 0.000107407 7.82357e-05 5.05509e-05 4.78501e-05 
58 0.0867543 0.542036 0.202531 0.0641125 0.0468321 0.0254784 0.0104394 0.0086668 0.00516127 0.00798807 
59 0.372853 0.62642 0.000371864 0.00035018 4.64991e-06 0 0 0 4.69571e-07 4.69569e-07 
60 0.209224 0.711188 0.0570285 0.0107913 0.00484423 0.00275985 0.00165507 0.00102533 0.000646366 0.000837396 
61 0.460806 0.536566 0.00234466 0.000149922 6.53111e-05 3.47625e-05 1.27759e-05 9.30597e-06 6.01293e-06 5.69168e-06 
62 0.37798 0.621695 4.89643e-05 0.000273888 1.40477e-06 5.1776e-07 2.06917e-07 0 0 2.07063e-07 
63 0.324619 0.675224 0.000123887 2.23063e-05 6.75535e-06 1.85794e-06 1.10746e-06 1.1107e-06 3.70774e-07 5.54647e-07 
64 0.183186 0.735976 0.0343206 0.00960823 0.0316657 0.002355 0.00112838 0.000604003 0.000655923 0.000500541 
65 0.542587 0.401739 0.00113377 0.0459677 0.00854051 1.20533e-05 7.14294e-06 7.16389e-06 2.39145e-06 3.5774e-06 
66 0.156804 0.79492 0.0296364 0.0116659 0.00287067 0.00163547 0.000980782 0.000607605 0.000383032 0.000496235 
67 0.140045 0.727507 0.0899575 0.0266107 0.00653684 0.00372414 0.00223335 0.00138358 0.000872205 0.00112998 
68 0.242915 0.75095 0.00350624 0.00222902 0.000194769 0.000103668 3.81e-05 2.7752e-05 1.79316e-05 1.69736e-05 
69 0.160545 0.781611 0.0322523 0.0114754 0.005406 0.00348263 0.00229784 0.000815749 0.000948098 0.00116613 
70 0.0761568 0.595919 0.136345 0.0800202 0.0506215 0.0268894 0.0110193 0.00914829 0.00544801 0.00843185 
71 0.723632 0.276342 1.78706e-05 6.00289e-06 9.37748e-07 3.47089e-07 1.3871e-07 0 0 1.38808e-07 
72 0.274817 0.683849 0.0309363 0.00497377 0.00223273 0.00127203 0.000762831 0.000472582 0.000297914 0.00038596 
73 0.169307 0.784699 0.0279173 0.0128887 0.00220418 0.00134024 0.00064217 0.000343741 0.000373289 0.000284861 
74 0.120784 0.713096 0.116022 0.0225071 0.0105663 0.00680696 0.00449124 0.00159442 0.0018531 0.00227926 
75 0.779655 0.220179 1.45652e-05 0.000150413 7.61968e-07 2.82016e-07 1.12705e-07 0 0 1.12784e-07 
76 0.246444 0.75145 0.00164737 0.00029977 9.0784e-05 2.49686e-05 1.48829e-05 1.49265e-05 4.98277e-06 7.45381e-06 
77 0.498118 0.501304 0.000297585 9.45293e-06 0.000270607 5.22512e-07 2.08758e-07 0 0 2.08905e-07 
78 0.0470614 0.816051 0.0862742 0.0185269 0.0132816 0.00753961 0.00457652 0.00256306 0.00199883 0.00212706 
79 0.165651 0.830612 0.00301168 0.00038293 0.000166817 8.87904e-05 3.26322e-05 2.37693e-05 1.53582e-05 1.45377e-05 
80 0.104824 0.875674 0.013429 0.00290535 0.00130422 0.000743038 0.000445596 0.000276051 0.000174022 0.000225453 
81 0.190613 0.793681 0.0112964 0.0021093 0.000946866 0.000539448 0.000323504 0.000200414 0.00012634 0.00016368 
82 0.109501 0.850532 0.0383681 0.000844587 0.000367897 0.000195817 7.19666e-05 5.24205e-05 3.38708e-05 3.20612e-05 
83 0.28608 0.713229 0.000555064 7.15197e-05 3.11564e-05 1.65833e-05 6.0947e-06 4.43938e-06 2.86844e-06 2.71519e-06 
84 0.119549 0.775999 0.0726243 0.0142031 0.00650808 0.00475611 0.0025633 0.00165787 0.00089902 0.00123978 
85 0.344713 0.602879 0.00124209 0.0510541 6.78529e-05 2.45248e-05 9.80105e-06 0 0 9.80796e-06 
86 0.137241 0.833168 0.0254625 0.00218116 0.000950134 0.000505719 0.000185862 0.000135382 8.7475e-05 8.28015e-05 
87 0.239132 0.724449 0.0292262 0.00380029 0.00165554 0.000881177 0.00032385 0.000235892 0.000152419 0.000144275 
88 0.0230125 0.976638 4.45673e-05 7.93619e-06 0.00029751 0 0 0 0 0 
89 0.212629 0.786595 0.000607249 0.000110355 3.34205e-05 9.19173e-06 5.47887e-06 5.49494e-06 1.83432e-06 2.74398e-06 
90 0.200243 0.799412 5.54904e-05 0.000287794 8.40853e-07 3.11188e-07 1.24363e-07 0 0 1.2445e-07 
91 0.13455 0.752285 0.0619814 0.0229508 0.010812 0.00696526 0.00459568 0.0016315 0.0018962 0.00233226 
92 0.325568 0.671218 0.0028135 0.000211484 9.21294e-05 4.90369e-05 1.8022e-05 1.31272e-05 8.48198e-06 8.02882e-06 
93 0.0671064 0.573912 0.147249 0.0979538 0.0402625 0.0251075 0.0179443 0.0112704 0.0075531 0.0116405 
94 0.250435 0.708556 0.0232401 0.00302192 0.00131645 0.000700695 0.00027882 0.0122145 0.0001212 0.000114725 
95 0.349132 0.64907 0.00125661 0.000429592 6.71092e-05 2.48392e-05 9.92671e-06 0 0 9.9337e-06 
96 0.378227 0.619495 0.0016915 0.000465391 7.27016e-05 2.69091e-05 1.07539e-05 0 0 1.07615e-05 
97 0.111402 0.716311 0.0928499 0.0437315 0.013674 0.00880901 0.00581219 0.00206337 0.00239813 0.00294963 
98 0.494048 0.505756 0.000156463 2.58489e-05 7.82823e-06 2.15302e-06 1.28334e-06 1.2871e-06 4.2966e-07 6.42736e-07 
99 0.281381 0.718602 1.25273e-05 3.96498e-06 6.19393e-07 2.29256e-07 0 0 0 0 
100 0.119159 0.652004 0.148553 0.0293875 0.0210674 0.0119594 0.00725931 0.00406554 0.00317056 0.00337395 
101 0.169619 0.804362 0.0179207 0.0038738 0.00173896 0.000990717 0.000594128 0.000368068 0.000232029 0.000300604 
102 0.105503 0.73857 0.0798947 0.0339296 0.0155471 0.0113618 0.00612345 0.00396046 0.00214766 0.00296169 
103 0.102985 0.711814 0.116724 0.0250658 0.0179692 0.0102006 0.00619176 0.00346766 0.0027043 0.00287778 
104 0.139014 0.767997 0.0672069 0.0123329 0.00553627 0.00315412 0.00189151 0.00117181 0.000738704 0.000957024 
105 0.243598 0.696077 0.0538208 0.00343588 0.00149679 0.000796681 0.000292796 0.000213272 0.000137803 0.000130441 
106 0.298094 0.701623 0.000224035 3.83734e-05 1.16212e-05 3.19621e-06 1.90515e-06 1.91074e-06 6.37841e-07 9.54157e-07 
107 0.220825 0.734333 0.0385951 0.00330025 0.0014377 0.000765233 0.000281238 0.000204854 0.000132363 0.000125292 
108 0.239889 0.693861 0.0583985 0.00386296 0.00169437 0.00103031 0.000493668 0.000264251 0.000286966 0.000218987 
109 0.125154 0.719236 0.079235 0.0291477 0.0247332 0.00962413 0.00518692 0.00335474 0.00181919 0.00250873 
110 0.0685735 0.813937 0.107658 0.00470311 0.00211111 0.00120274 0.000721276 0.000446838 0.000281685 0.000364935 
111 0.903517 0.096442 2.86872e-05 9.76629e-06 1.52565e-06 5.64691e-07 2.25673e-07 0 0 2.25832e-07 
112 0.117978 0.591876 0.165438 0.063195 0.0254694 0.0144509 0.00877167 0.00491252 0.0038311 0.00407686 
113 0.0620678 0.634903 0.129802 0.0792422 0.0346946 0.0261627 0.0107215 0.00890104 0.00530076 0.00820396 
114 0.0763118 0.633543 0.193136 0.0355099 0.0254564 0.0144509 0.00877166 0.00491252 0.00383109 0.00407686 
115 0.218375 0.743004 0.0311221 0.00358727 0.00160995 0.000917221 0.000550053 0.000340764 0.000214816 0.000278304 
116 0.418415 0.581404 5.43061e-05 0.000126595 4.44243e-07 1.64414e-07 0 0 0 0 
117 0.0678084 0.512863 0.0704138 0.315504 0.0221942 4.1598e-05 0 0 0 0.0111752 
118 0.0667842 0.695767 0.107914 0.0582509 0.0278229 0.0190883 0.00886426 0.0058415 0.00453866 0.00512867 
119 0.171056 0.808687 0.0174305 0.00149297 0.000650389 0.000346177 0.000127227 9.2672e-05 5.98787e-05 5.66796e-05 
120 0.555729 0.402559 0.017473 0.0216141 0.00108079 0.000615744 0.000369259 0.00022876 0.000144209 0.000186829 
121 0.0769767 0.621586 0.118565 0.0766547 0.0462846 0.0275143 0.0113319 0.0096268 0.00558412 0.00587587 
122 0.154686 0.835284 0.00912825 0.000590724 0.000178898 4.92028e-05 2.93281e-05 2.94141e-05 9.81899e-06 1.46884e-05 
123 0.264099 0.667858 0.0678524 0.000151623 2.36856e-05 8.76677e-06 3.50354e-06 0 0 3.50601e-06 
124 0.209977 0.753651 0.0319318 0.00212412 0.000953523 0.00054324 0.000325778 0.000201823 0.000127229 0.00016483 
125 0.504689 0.491012 0.00324421 0.000518954 0.000227623 0.000138413 6.63198e-05 3.54998e-05 3.85513e-05 2.94189e-05 
126 0.226217 0.773038 0.000582712 0.000105931 3.20809e-05 8.82328e-06 5.25925e-06 5.27468e-06 1.76079e-06 2.63399e-06 
127 0.302319 0.312223 0.378905 0.00566071 0.000442878 0.000228069 8.38199e-05 6.10545e-05 3.94495e-05 3.73419e-05 
128 0.0769767 0.606881 0.118565 0.0766547 0.0609904 0.0275143 0.0113319 0.0096268 0.00558412 0.00587587 
129 0.889502 0.11046 2.6584e-05 9.08079e-06 1.41857e-06 5.25055e-07 2.09833e-07 0 0 2.0998e-07 
130 0.114032 0.475283 0.156009 0.102053 0.0669242 0.0279389 0.0231521 0.0102308 0.0111627 0.0132141 
131 0.267236 0.72187 0.007155 0.00183951 0.000806843 0.000490625 0.00023508 0.000125834 0.000136651 0.000104279 
132 0.191387 0.73908 0.0358583 0.024144 0.00405172 0.00246045 0.00117891 0.000631048 0.000685292 0.000522954 
133 0.228144 0.710828 0.0586909 0.0011515 0.000503902 0.000306412 0.000146816 7.85877e-05 8.53431e-05 6.51262e-05 
134 0.0785119 0.661679 0.106446 0.0829926 0.0274662 0.0188436 0.00875061 0.00576661 0.00448047 0.00506292 
135 0.139529 0.714902 0.112278 0.0159487 0.00713887 0.00406715 0.00243905 0.00151102 0.00095254 0.00123406 
136 0.229638 0.723741 0.0401167 0.00343588 0.00149679 0.000796681 0.000292796 0.000213272 0.000137803 0.000130441 
137 0.0805295 0.588737 0.124037 0.0801926 0.0496883 0.0429012 0.0118549 0.0100711 0.00584184 0.00614706 
138 0.271633 0.71922 0.00600628 0.00154519 0.000677748 0.000412125 0.000197467 0.000105701 0.000114786 8.75948e-05 
139 0.098813 0.832393 0.0473813 0.0102426 0.00459792 0.00261952 0.00157091 0.000973198 0.0006135 0.000794817 
140 0.224234 0.642778 0.0946464 0.0131542 0.0167576 0.00335983 0.00201487 0.00124823 0.000786881 0.00101944 
141 0.154035 0.842275 0.00290107 0.000387994 0.000170181 0.000103484 4.95836e-05 2.65412e-05 2.88227e-05 2.19949e-05 
142 0.188573 0.757623 0.03533 0.00908932 0.00398676 0.00242426 0.00116157 0.000621768 0.000675215 0.000515263 
143 0.101185 0.821548 0.0532031 0.0115107 0.00516718 0.00294384 0.00176541 0.00109369 0.000689457 0.000893223 
144 0.151762 0.703767 0.0799202 0.0457212 0.00775078 0.00441576 0.00264811 0.00164053 0.00103419 0.00133983 
145 0.289736 0.699627 0.00853628 0.00110982 0.000483475 0.000257335 9.45756e-05 6.88889e-05 4.45116e-05 4.21335e-05 
146 0.136362 0.722385 0.0961913 0.0164949 0.0118249 0.00671268 0.00407458 0.00228195 0.00177961 0.00189377 
147 0.08453 0.609463 0.183166 0.039334 0.0285957 0.030994 0.00971631 0.00544157 0.00424367 0.00451591 
148 0.119102 0.746015 0.0737471 0.0274135 0.0129143 0.00831962 0.00548929 0.00194873 0.0022649 0.00278576 
149 0.0712925 0.619471 0.141038 0.091964 0.0297551 0.0204139 0.00947983 0.00624716 0.00485385 0.00548483 
150 0.144863 0.743042 0.0837049 0.0135801 0.00609611 0.00347307 0.00208278 0.00129031 0.000813405 0.0010538 
151 0.231235 0.767435 0.00106817 0.000138804 6.04678e-05 3.21846e-05 1.18285e-05 8.61587e-06 5.56702e-06 5.2696e-06 
152 0.189022 0.721442 0.0558777 0.0151244 0.00709795 0.00457262 0.00301701 0.00107106 0.00124483 0.0015311 
153 0.131757 0.723291 0.0792532 0.0294592 0.0138781 0.00894049 0.00589894 0.00209416 0.00243392 0.00299365 
154 0.0832499 0.630531 0.180391 0.0387381 0.0277706 0.0157646 0.00956909 0.00535912 0.00417938 0.00444748 
155 0.184133 0.694015 0.111441 0.00613418 0.00331879 0.000430444 0.000206232 0.000110392 0.000119881 9.14828e-05 
156 0.104712 0.761047 0.0740836 0.0268454 0.012301 0.00898957 0.00484493 0.00313355 0.00169925 0.00234332 
157 0.428715 0.570959 0.000257531 4.46148e-05 1.35107e-05 3.71589e-06 2.21491e-06 2.22141e-06 7.4155e-07 1.1093e-06 
158 0.286467 0.488544 0.22055 0.000503901 0.000199135 0.00363697 3.78691e-05 2.75556e-05 1.78046e-05 1.68534e-05 
159 0.226282 0.766933 0.00529806 0.000731563 0.000320828 0.000195089 9.34756e-05 5.00357e-05 5.43368e-05 4.1465e-05 
160 0.190006 0.750419 0.0434579 0.00793473 0.00347563 0.00211346 0.00101265 0.000542054 0.000588649 0.000449204 
161 0.341995 0.657672 0.000261379 4.72357e-05 1.43051e-05 3.93437e-06 2.34514e-06 2.35202e-06 7.8515e-07 1.17452e-06 
162 0.351272 0.633897 0.00811125 0.00301339 0.00141959 0.000914523 0.000603403 0.000214212 0.000248966 0.000306221 
163 0.0788297 0.624784 0.127553 0.069005 0.0483439 0.0226124 0.0105007 0.00691994 0.00537657 0.00607551 
164 0.129929 0.707774 0.0804514 0.0299056 0.0140958 0.02422 0.00598832 0.00212589 0.0024708 0.00303901 
165 0.182767 0.727275 0.055836 0.0153005 0.00720799 0.00464351 0.00306379 0.00108767 0.00126413 0.00155484 
166 0.0796779 0.621917 0.198391 0.0367584 0.0261837 0.0148638 0.00902228 0.00505288 0.00394055 0.00419334 
167 0.0777255 0.677361 0.118657 0.0567762 0.0271185 0.0186051 0.00863985 0.00569362 0.00442376 0.00499883 
168 0.0832493 0.630463 0.18046 0.0387381 0.0277706 0.0157646 0.00956909 0.00535912 0.00417938 0.00444748 
169 0.0832718 0.695723 0.143398 0.0284079 0.0203651 0.0115607 0.00701733 0.00393002 0.00306488 0.00326149 
170 0.0670923 0.70757 0.14304 0.0366484 0.0188955 0.0107265 0.00651093 0.00364641 0.0028437 0.00302612 
171 0.285651 0.680221 0.0294573 0.00229831 0.0010078 0.000612825 0.000293631 0.000157175 0.000170686 0.000130252 
172 0.11009 0.712711 0.0833682 0.0498975 0.0162231 0.0118558 0.00638968 0.00413265 0.00224104 0.00309046 
173 0.239715 0.731438 0.0198867 0.00428591 0.00192395 0.00109611 0.000657333 0.000407225 0.000256713 0.000332583 
174 0.118842 0.656268 0.14174 0.030437 0.0218198 0.0123865 0.00751857 0.00421073 0.0032838 0.00349445 
175 0.113718 0.781848 0.0571033 0.0212233 0.00999819 0.006441 0.00424977 0.0015087 0.00175347 0.00215672 
176 0.111768 0.687355 0.105897 0.0504014 0.0164616 0.0120302 0.00648365 0.00419343 0.00227399 0.00313591 
177 0.0805295 0.588737 0.124037 0.0952237 0.0487742 0.0287842 0.0118549 0.0100711 0.00584184 0.00614706 
178 0.082188 0.57334 0.147572 0.079922 0.0377517 0.0284711 0.0116675 0.00968643 0.00594378 0.0234584 
179 0.0825132 0.8672 0.0296214 0.00926652 0.00436541 0.00281227 0.00185553 0.000658727 0.000765601 0.000941665 
180 0.103653 0.825156 0.0504463 0.0129918 0.0031915 0.00181826 0.0010904 0.000675514 0.000425841 0.000551696 
181 0.283949 0.491374 0.207082 0.00853942 0.00211967 0.00511337 0.000724093 0.000448584 0.000282785 0.000366361 
182 0.143993 0.854624 0.00111668 0.000174346 5.27998e-05 1.45217e-05 8.65586e-06 8.68124e-06 2.89797e-06 4.33512e-06 
183 0.096389 0.677589 0.14665 0.0290547 0.0208279 0.0118235 0.00717682 0.00401934 0.00313453 0.00333561 
184 0.124043 0.744553 0.059647 0.0322685 0.0154127 0.0105741 0.00491042 0.00323594 0.00251422 0.00284106 
185 0.194287 0.735127 0.0364006 0.00936476 0.00466258 0.0170942 0.00119677 0.000640609 0.000695676 0.000530877 
186 0.0890414 0.670992 0.115289 0.0560665 0.0267795 0.0183725 0.00853185 0.00562245 0.00436846 0.00493635 
187 0.0808131 0.799753 0.0611962 0.0259886 0.0119084 0.00870267 0.0046903 0.00303354 0.00164502 0.00226853 
188 0.16452 0.815425 0.0182498 0.000953691 0.000415458 0.000221132 8.12703e-05 5.91973e-05 3.82495e-05 3.6206e-05 
189 0.291766 0.701646 0.00432851 0.00111164 0.000487589 0.000296493 0.000142063 7.60435e-05 8.25802e-05 6.30178e-05 
190 0.232965 0.734109 0.0285643 0.00214609 0.000941317 0.000572396 0.00027426 0.000146806 0.000159426 0.000121659 
191 0.182423 0.814879 0.00195807 0.000353721 0.000158781 9.04604e-05 5.42486e-05 3.36076e-05 2.11861e-05 2.74476e-05 
192 0.111709 0.722081 0.0857056 0.0359255 0.0164616 0.0120302 0.00648365 0.00419343 0.00227399 0.00313591 
193 0.825482 0.173713 0.000169161 0.00063278 2.27879e-06 6.03756e-07 2.41285e-07 0 0 2.41455e-07 
194 0.254784 0.741803 0.00210166 0.00103452 0.000118152 7.14873e-05 3.42527e-05 1.83348e-05 1.99109e-05 1.51942e-05 
195 0.138486 0.681141 0.0858226 0.0389137 0.0205369 0.0154883 0.00634714 0.00526942 0.00313805 0.00485675 
196 0.365477 0.408158 0.170766 0.0554693 0.000118394 6.27008e-06 2.50577e-06 0 0 2.50754e-06 
197 0.229541 0.615561 0.133107 0.00748291 0.00574508 0.0056849 0.00114426 0.000708873 0.000446871 0.000578941 
198 0.131556 0.850741 0.00978587 0.00354994 0.00167236 0.00107736 0.000710844 0.000252354 0.000293297 0.000360746 
199 0.139469 0.699607 0.124305 0.0175163 0.0078631 0.00447976 0.00268649 0.00166431 0.00104917 0.00135925 
200 0.12499 0.835556 0.0359647 0.00171703 0.000753054 0.000457916 0.000219408 0.000117445 0.000127541 9.73275e-05 
201 0.235378 0.743974 0.0142354 0.00306758 0.00137704 0.000784527 0.000470477 0.000291465 0.000183739 0.000238042 
202 0.169323 0.830242 0.000343382 5.99183e-05 1.8146e-05 4.99073e-06 2.9748e-06 2.98353e-06 9.9596e-07 1.48987e-06 
203 0.112459 0.786358 0.0559413 0.0201895 0.00925115 0.00676075 0.0036437 0.00235664 0.00127795 0.00176233 
204 0.0683191 0.66111 0.137581 0.0598043 0.0285648 0.0195973 0.00910064 0.00599728 0.00465969 0.00526544 
205 0.20513 0.777139 0.00728602 0.00549261 0.0025458 0.0010473 0.000547687 0.000354227 0.000192089 0.000264897 
206 0.0705967 0.584658 0.162918 0.074834 0.039494 0.0297852 0.012206 0.0101335 0.00603472 0.0093399 
207 0.465495 0.533341 0.000952288 0.000207244 2.7685e-06 1.00075e-06 3.9994e-07 0 0 4.00221e-07 
208 0.526772 0.470082 0.00272897 0.000220404 9.60153e-05 5.11052e-05 1.87821e-05 1.36809e-05 8.83974e-06 8.36746e-06 
209 0.145809 0.700965 0.086355 0.0319109 0.0232105 0.00468347 0.0028086 0.00173996 0.00109686 0.00142104 
210 0.185106 0.724819 0.0585712 0.0238589 0.00328815 0.00173654 0.00104139 0.000645154 0.000406702 0.000526901 
211 0.345619 0.645582 0.00629123 0.00123372 0.000541116 0.000329042 0.000157658 8.43916e-05 9.16459e-05 6.99359e-05 
212 0.240056 0.65054 0.095667 0.00700444 0.00609846 0.000321326 0.000118089 8.6016e-05 5.5578e-05 5.26087e-05 
213 0.130591 0.868322 0.000859237 0.000148996 4.51226e-05 1.24102e-05 7.39729e-06 7.41898e-06 2.4766e-06 3.70479e-06 
214 0.257295 0.528232 0.205776 0.00829888 0.000228667 6.28908e-05 3.7487e-05 3.75969e-05 1.25506e-05 1.87746e-05 
215 0.165917 0.672327 0.0928794 0.026025 0.0225112 0.00870269 0.0046903 0.00303354 0.00164502 0.00226853 
216 0.191646 0.806275 0.00166924 0.000216784 9.44385e-05 5.0266e-05 1.84737e-05 1.34563e-05 8.69458e-06 8.23006e-06 
217 0.260441 0.727403 0.00798187 0.0020534 0.000900662 0.000547674 0.000262415 0.000140466 0.00015254 0.000116405 
218 0.0779302 0.478349 0.113303 0.17757 0.0873855 0.0367493 0.0107893 0.00818278 0.0047465 0.00499449 
219 0.212749 0.783482 0.00296644 0.000525775 0.000159229 4.37931e-05 2.61035e-05 2.61801e-05 8.73942e-06 1.30734e-05 
220 0.236205 0.743502 0.0126643 0.00342075 0.00161149 0.00103815 0.000684972 0.00024317 0.000282622 0.000347616 
221 0.390537 0.601292 0.00622061 0.000959742 0.000420962 0.000255978 0.00012265 6.56525e-05 7.1296e-05 5.44067e-05 
222 0.220366 0.775182 0.00387721 0.000303391 0.000132123 7.03237e-05 2.58453e-05 1.88257e-05 1.2164e-05 1.15141e-05 
223 0.0880625 0.715383 0.0881249 0.0446258 0.0235515 0.0177618 0.00727884 0.00604291 0.00359868 0.00556966 
224 0.141673 0.844874 0.00901394 0.00218401 0.000957948 0.000582509 0.000279106 0.0001494 0.000162242 0.000123809 
225 0.25111 0.509319 0.224638 0.0116444 0.00139742 0.000849742 0.000407149 0.000217939 0.000236673 0.000180608 
226 0.124273 0.705994 0.0769535 0.0286053 0.0139766 0.0226733 0.00572796 0.00211057 0.0161637 0.0035222 
227 0.156822 0.807401 0.0125768 0.0169618 0.00488435 0.000608306 0.000291464 0.000156016 0.000169427 0.000129291 
228 0.0914711 0.628341 0.181812 0.0360101 0.0258149 0.0146544 0.00889521 0.00498171 0.00388505 0.00413428 
229 0.0957626 0.773792 0.0858023 0.0163126 0.00768456 0.00495052 0.00332599 0.00936439 0.00134772 0.00165764 
230 0.12799 0.698542 0.0928446 0.0294592 0.0138781 0.00894049 0.00614335 0.0167749 0.00243416 0.00299365 
231 0.17915 0.544173 0.14445 0.0611959 0.0531988 0.00779652 0.00404485 0.00261608 0.00141864 0.00195635 
232 0.156918 0.812339 0.0230162 0.0036961 0.00165919 0.000945271 0.000566874 0.000351185 0.000221385 0.000286815 
233 0.139711 0.714036 0.0802976 0.0294329 0.0134866 0.00985604 0.00531191 0.00343558 0.00186303 0.00256918 
234 0.515715 0.468581 0.0138986 0.00153654 0.000131498 6.98172e-05 2.56592e-05 1.86902e-05 1.20764e-05 1.14312e-05 
235 0.129441 0.723566 0.104609 0.0190372 0.00894068 0.00575974 0.00380028 0.00134912 0.00156801 0.0019286 
236 0.0784921 0.580216 0.241511 0.0365245 0.0261837 0.0148638 0.00902228 0.00505288 0.00394056 0.00419334 
237 0.719329 0.280466 0.000160283 2.91249e-05 8.82035e-06 2.42589e-06 1.44599e-06 1.45023e-06 4.84114e-07 7.24194e-07 
238 0.0808007 0.626706 0.189777 0.0375987 0.0269538 0.015301 0.00928764 0.0052015 0.00405645 0.00431667 
239 0.201721 0.794212 0.00395098 7.62045e-05 2.30748e-05 6.34634e-06 3.78283e-06 3.79392e-06 1.26649e-06 1.89456e-06 
240 0.0705967 0.584459 0.163116 0.0748341 0.039494 0.0297852 0.012206 0.0101335 0.00603472 0.0093399 
241 0.0812398 0.565218 0.144323 0.0820206 0.0396452 0.0247447 0.0328012 0.0111046 0.00743865 0.0114641 
242 0.075193 0.631251 0.132232 0.0672845 0.0455392 0.0213015 0.009892 0.00651878 0.00506488 0.0057233 
243 0.263008 0.718109 0.0148762 0.00382237 0.00010597 2.91445e-05 1.7372e-05 1.7423e-05 5.81613e-06 8.70044e-06 
244 0.267969 0.664969 0.0484838 0.00888696 0.00398937 0.00227282 0.001363 0.000844393 0.000532302 0.000689621 
245 0.176752 0.788051 0.0343867 0.0004696 0.000166057 8.83856e-05 3.24834e-05 2.36609e-05 1.52882e-05 1.44714e-05 
246 0.0820067 0.607187 0.206558 0.0381599 0.0273561 0.0155293 0.00942627 0.00527913 0.004117 0.0043811 
247 0.135857 0.861573 0.00112128 0.00071958 0.000565287 7.33334e-05 3.51365e-05 1.88079e-05 2.04246e-05 1.55862e-05 
248 0.113377 0.68921 0.100782 0.051387 0.0167073 0.0122097 0.00658042 0.00425601 0.00230793 0.00318271 
249 0.214776 0.782888 0.00224504 7.28465e-05 1.13794e-05 4.21186e-06 1.68322e-06 0 0 1.68441e-06 
250 0.101893 0.609296 0.113666 0.0734157 0.0443289 0.0263517 0.0108531 0.00922004 0.00534817 0.00562759 
251 0.245028 0.709835 0.0334324 0.00199063 0.000896588 0.00836858 0.000169732 0.000123563 7.98383e-05 7.55728e-05 
252 0.0753519 0.641337 0.121925 0.0659606 0.0315588 0.0362637 0.0100408 0.00661464 0.00513937 0.00580747 
253 0.15289 0.8363 0.00582272 0.00350682 0.000629007 0.000382482 0.000183264 9.80979e-05 0.00010653 8.12944e-05 
254 0.148345 0.844202 0.00427627 0.00269015 0.000237534 0.00012643 4.64654e-05 3.38454e-05 2.18687e-05 2.07004e-05 
255 0.0904832 0.665083 0.189941 0.0164563 0.0222334 0.00638044 0.00382764 0.00214365 0.00167175 0.00177899 
256 0.168191 0.681503 0.119113 0.0149213 0.0066982 0.00381609 0.00228849 0.00141775 0.000893741 0.00115788 
257 0.144783 0.773416 0.0567843 0.0119666 0.00537182 0.00306043 0.00183532 0.001137 0.000716763 0.000928598 
258 0.0683191 0.688146 0.110546 0.0598043 0.0285648 0.0195973 0.00910064 0.00599728 0.00465969 0.00526544 
259 0.0788297 0.625449 0.142272 0.069005 0.0329594 0.0226123 0.0105007 0.00691994 0.00537657 0.00607551 
260 0.104683 0.846054 0.0356053 0.00653312 0.00293273 0.00167083 0.00100199 0.000620743 0.000391314 0.000506964 
261 0.168723 0.741178 0.0604965 0.0207985 0.00397397 0.00216908 0.0010393 0.000556318 0.000604139 0.000461025 
262 0.186127 0.760958 0.0441293 0.0043222 0.0018958 0.0011528 0.000552356 0.000295666 0.000321081 0.00024502 
263 0.116865 0.695032 0.0884986 0.0382543 0.0319307 0.01259 0.0067829 0.00438697 0.00237895 0.00328064 
264 0.174486 0.735283 0.0553148 0.021866 0.00537182 0.00306043 0.00183532 0.001137 0.000716763 0.000928598 
265 0.122572 0.650241 0.178305 0.0218164 0.00999455 0.00730403 0.0039365 0.00254601 0.00138064 0.00190395 
266 0.315621 0.67955 0.00412158 0.0003738 0.00016284 8.66732e-05 3.18541e-05 2.32025e-05 1.4992e-05 1.4191e-05 
267 0.305455 0.623737 0.0491902 0.0116671 0.00381079 0.00245497 0.00161979 0.000575037 0.000668332 0.000822027 
268 0.159215 0.829279 0.0105296 0.00051609 0.000224826 0.000119666 4.39796e-05 3.20348e-05 2.06988e-05 1.95929e-05 
269 0.100624 0.899214 0.000115302 3.70256e-05 5.78399e-06 2.14083e-06 8.5556e-07 0 0 8.56163e-07 
270 0.101028 0.89267 0.00505965 0.000656595 0.000286035 0.000152245 5.59531e-05 4.07563e-05 2.63341e-05 2.49272e-05 
271 0.137477 0.746624 0.0798039 0.0172661 0.00775077 0.00441576 0.00264811 0.00164053 0.00103419 0.00133983 
272 0.122658 0.81207 0.0334453 0.0142031 0.00650808 0.00475611 0.0025633 0.00165787 0.00089902 0.00123978 
273 0.235321 0.74735 0.0114033 0.00291544 0.00127877 0.000777594 0.00037258 0.000199435 0.000216578 0.000165273 
274 0.156572 0.729426 0.0849598 0.0138923 0.00623625 0.00355291 0.00213066 0.00131997 0.000832104 0.00107803 
275 0.0955066 0.611986 0.175085 0.0375987 0.0269538 0.0154168 0.0238776 0.0052015 0.00405645 0.00431667 
276 0.0695271 0.605865 0.145536 0.0737002 0.0388956 0.0293339 0.0120211 0.00997995 0.00594328 0.00919838 
277 0.137071 0.68708 0.0833593 0.034899 0.0159913 0.0116864 0.0062984 0.00414493 0.0164186 0.0030511 
278 0.0980112 0.616568 0.130855 0.0631736 0.0301741 0.0213471 0.0230521 0.00633517 0.00492221 0.00556208 
279 0.115381 0.731491 0.100095 0.0237803 0.0112028 0.00721702 0.00476179 0.00169047 0.00196473 0.00241656 
280 0.203279 0.723685 0.0398559 0.00908932 0.00398676 0.00242669 0.015865 0.000621768 0.000675215 0.000515263 
281 0.179344 0.737871 0.0570029 0.0123329 0.00553627 0.00315412 0.00189151 0.00117181 0.000738704 0.000957024 
282 0.192963 0.762419 0.0292981 0.00753749 0.00330609 0.00201036 0.000963255 0.000515612 0.000559934 0.000427291 
283 0.179389 0.719578 0.0780633 0.0109875 0.00493231 0.00281003 0.00168516 0.00104398 0.000658118 0.000852622 
284 0.117757 0.714779 0.0924741 0.0334648 0.0153341 0.0112062 0.00603956 0.00390621 0.00211824 0.00292112 
285 0.243805 0.700367 0.0508227 0.00246287 0.00108008 0.000656773 0.000314689 0.000168447 0.000182927 0.000139593 
286 0.322067 0.632172 0.0344299 0.00541985 0.00243298 0.00138611 0.000831246 0.000514966 0.000324632 0.000420576 
287 0.195493 0.61213 0.0869927 0.0441739 0.0266725 0.0158557 0.00653024 0.00554765 0.00321797 0.00338609 
288 0.0959711 0.781097 0.0672126 0.0249844 0.01177 0.00758244 0.0050029 0.00177606 0.00206421 0.00253892 
289 0.126688 0.615251 0.171831 0.0315643 0.0226279 0.0128453 0.00779704 0.00436669 0.00340542 0.00362387 
290 0.105144 0.87199 0.0150153 0.00386296 0.00169437 0.00103031 0.000493668 0.000264251 0.000286966 0.000218987 
291 0.115595 0.84709 0.0236198 0.00501316 0.00359384 0.00204013 0.00123835 0.000693533 0.00054086 0.000575556 
292 0.0808007 0.626692 0.189791 0.0375987 0.0269538 0.015301 0.00928764 0.0052015 0.00405645 0.00431667 
293 0.147547 0.739773 0.0775871 0.0167865 0.00753547 0.00429311 0.00257455 0.00159496 0.00100546 0.00130262 
294 0.106699 0.800876 0.067159 0.0120863 0.00542554 0.00309104 0.00185368 0.00114837 0.00072393 0.000937884 
295 0.195413 0.767339 0.0320309 0.00275626 0.00120072 0.000639096 0.00023488 0.000171087 0.000110545 0.000104639 
296 0.0732593 0.661556 0.172056 0.0340895 0.0244381 0.0138729 0.0084208 0.00471602 0.00367785 0.00391378 
297 0.160452 0.805325 0.0249862 0.00454466 0.00199338 0.00121213 0.000580786 0.000310884 0.000337607 0.000257632 
298 0.129332 0.634433 0.120255 0.0521556 0.0249112 0.0170907 0.00793661 0.00523018 0.00406369 0.00459195 
299 0.112833 0.693594 0.135654 0.0259707 0.0122346 0.00788175 0.00520038 0.00184617 0.0021457 0.00263914 
300 0.150191 0.727542 0.0799426 0.0189785 0.00894068 0.00575974 0.00380028 0.00134912 0.00156801 0.0019286 
301 0.109792 0.590137 0.120952 0.0828142 0.0419647 0.0249463 0.0102743 0.0087283 0.00506293 0.00532745 
302 0.0825795 0.684361 0.119417 0.0467716 0.0246838 0.0186157 0.00762878 0.00633343 0.0037717 0.00583744 
303 0.115574 0.820951 0.0347049 0.0129005 0.00607733 0.00391512 0.0025832 0.000917052 0.00106584 0.00131094 
304 0.224939 0.758188 0.0122736 0.00287331 0.000711076 0.000404586 0.000242628 0.000150311 9.47553e-05 0.00012276 
305 0.138773 0.741297 0.0689499 0.0193656 0.0174812 0.00565106 0.00372857 0.00132367 0.00153842 0.00189221 
306 0.11461 0.682591 0.103141 0.0325724 0.0152957 0.0250626 0.0180191 0.00380236 0.00206175 0.00284322 
307 0.0742451 0.590143 0.160012 0.0666331 0.0353657 0.0400173 0.010871 0.00902297 0.00537338 0.00831635 
308 0.338682 0.63502 0.0234551 0.00150191 0.000654284 0.00034825 0.000127989 9.32269e-05 6.02373e-05 5.7019e-05 
309 0.364299 0.600058 0.0348481 0.000520327 0.000157579 4.33392e-05 2.5833e-05 2.59088e-05 8.64886e-06 1.2938e-05 
310 0.105765 0.721558 0.0966448 0.0339296 0.0155471 0.0113618 0.00612345 0.00396046 0.00214766 0.00296169 
311 0.232838 0.631848 0.10203 0.026772 0.00276632 0.00168214 0.000805988 0.000431431 0.000468516 0.00035753 
312 0.237922 0.421456 0.335116 0.00447403 0.00050353 0.000268008 9.84981e-05 7.1746e-05 4.63577e-05 4.3881e-05 
313 0.519847 0.381548 0.0975326 0.000543098 4.72601e-05 2.51854e-05 0.000432865 1.56092e-05 4.35105e-06 4.11859e-06 
314 0.137966 0.755667 0.0735526 0.0156964 0.00704616 0.00401433 0.00240737 0.00149139 0.000940169 0.00121803 
315 0.0629557 0.60256 0.160303 0.0789124 0.0351659 0.0265211 0.0108684 0.00902297 0.00537338 0.00831635 
316 0.213602 0.728496 0.0419103 0.00764953 0.00343389 0.00195635 0.00117321 0.000726819 0.000458184 0.000593597 
317 0.137477 0.703776 0.12259 0.0173284 0.00775077 0.00441576 0.00264811 0.00164053 0.00103419 0.00133983 
318 0.178547 0.798973 0.0193146 0.00167213 0.000728436 0.000387718 0.000142494 0.000103793 6.70641e-05 6.34812e-05 
319 0.18277 0.708054 0.0635572 0.0203578 0.00932825 0.00681709 0.00367407 0.00237627 0.0012886 0.00177702 
320 0.0832492 0.600428 0.195343 0.0387381 0.0280121 0.0293751 0.0108686 0.00535912 0.00417938 0.00444748 
321 0.140257 0.724985 0.10668 0.0134326 0.00602838 0.00343448 0.00205964 0.00127597 0.000804367 0.00104209 
322 0.195214 0.769815 0.0272171 0.00381527 0.00167345 0.00101759 0.000487573 0.000260989 0.000283423 0.000216283 
323 0.0927489 0.631415 0.116408 0.0668286 0.0403506 0.0239868 0.00987909 0.0083926 0.0048682 0.00512255 
324 0.0832492 0.630531 0.180391 0.0387381 0.0277706 0.0157646 0.00956909 0.00535912 0.00417938 0.00444748 
325 0.200186 0.717951 0.0491637 0.00927481 0.0181045 0.00238913 0.00114474 0.000612757 0.000665429 0.000507796 
326 0.0809969 0.595563 0.152153 0.0704959 0.0372045 0.0280585 0.0114984 0.00954604 0.00568488 0.00879845 
327 0.197592 0.797181 0.00453004 0.000368313 0.000160448 8.54004e-05 3.13863e-05 2.28618e-05 1.47718e-05 1.39826e-05 
328 0.105213 0.732652 0.0873742 0.0410387 0.0129143 0.00831962 0.00548929 0.00194873 0.0022649 0.00278576 
329 0.141574 0.739111 0.0821579 0.0177739 0.00797874 0.00454564 0.002726 0.00168878 0.0010646 0.00137924 
330 0.126415 0.679084 0.0992904 0.0359255 0.0164667 0.026731 0.00648365 0.00419343 0.00227399 0.00313591 
331 0.126415 0.679081 0.0992922 0.0359696 0.0311243 0.0120302 0.00648365 0.00419343 0.00227399 0.00313591 
332 0.323251 0.48837 0.0300539 0.156987 0.000655872 0.000346177 0.000127227 9.2672e-05 5.98787e-05 5.66796e-05 
333 0.163709 0.722024 0.0786799 0.0170229 0.00764161 0.00435357 0.00261081 0.00161743 0.00101962 0.00132096 
334 0.400443 0.583938 0.00134267 0.000459016 7.17057e-05 0.0137252 1.06066e-05 0 0 1.06141e-05 
335 0.652849 0.347126 1.38572e-05 5.03719e-06 4.70502e-06 0 0 0 4.79909e-07 4.79907e-07 
336 0.357216 0.638995 0.00304077 0.000489869 0.000148354 4.08023e-05 2.43208e-05 2.43922e-05 8.14258e-06 1.21806e-05 
337 0.151188 0.825786 0.0137968 0.00490261 0.0015991 0.00116698 0.000628942 0.00040678 0.000220587 0.000304197 
338 0.0788297 0.639072 0.128649 0.069005 0.0329594 0.0226123 0.0105007 0.00691994 0.00537657 0.00607551 
339 0.199847 0.76959 0.024553 0.00317493 0.00138311 0.000736173 0.000270558 0.000197075 0.000127337 0.000120534 
340 0.0671064 0.573912 0.146543 0.0832825 0.0402552 0.040492 0.0179443 0.0112704 0.0075531 0.0116405 
341 0.0808007 0.626692 0.175085 0.0375987 0.0269593 0.0300014 0.00928765 0.0052015 0.00405645 0.00431667 
342 0.147612 0.695636 0.0737488 0.0313197 0.0143511 0.010523 0.0184377 0.00365581 0.00198246 0.00273387 
343 0.178933 0.78541 0.033307 0.00124168 0.000540918 0.000287909 0.000105812 7.70737e-05 4.98001e-05 4.71395e-05 
344 0.260003 0.739146 0.000341146 0.000505339 2.5611e-06 9.47875e-07 3.78808e-07 0 0 3.79075e-07 
345 0.368269 0.619996 0.00893027 0.0013418 0.000602169 0.000343067 0.000205736 0.000127455 8.03474e-05 0.000104094 
346 0.144376 0.752041 0.0748703 0.0137344 0.00616539 0.00351254 0.00210645 0.00130497 0.000822648 0.00106578 
347 0.114783 0.616414 0.174415 0.0345502 0.0247684 0.0140604 0.00853459 0.00477975 0.00372755 0.00396667 
348 0.195255 0.71696 0.0632607 0.0131861 0.00699608 0.00214422 0.000858553 0.000459567 0.000499072 0.000380847 
349 0.146188 0.844742 0.00677791 0.00112787 0.000494707 0.000300821 0.000144137 7.71536e-05 8.37857e-05 6.39378e-05 
350 0.308502 0.652294 0.0079963 0.00145541 0.000457742 0.0290898 7.22576e-05 7.24695e-05 2.41917e-05 3.61888e-05 
351 0.0928208 0.906377 0.000645262 8.29972e-05 3.61564e-05 1.92446e-05 7.07278e-06 5.15182e-06 3.32877e-06 3.15093e-06 
352 0.0651032 0.586631 0.142169 0.0820205 0.0520687 0.0250441 0.0174086 0.0109339 0.00732763 0.011293 
353 0.154834 0.725269 0.065553 0.0243675 0.0114794 0.00739522 0.00487937 0.00173221 0.00201325 0.00247623 
354 0.144238 0.655046 0.091109 0.0492892 0.0235424 0.0161516 0.00750053 0.00494281 0.00384041 0.00433965 
355 0.0999588 0.670477 0.10873 0.0510695 0.0246848 0.0153961 0.0110036 0.00691107 0.00463162 0.00713802 
356 0.203311 0.775228 0.0172227 0.00223946 0.000975584 0.000519265 0.00019084 0.000139008 8.9818e-05 8.50194e-05 
357 0.110305 0.620365 0.122347 0.0670455 0.0295071 0.0222533 0.00911946 0.007571 0.0045087 0.00697808 
358 0.0942558 0.636028 0.106094 0.0685858 0.0414125 0.024618 0.0101391 0.00861346 0.00499631 0.00525735 
359 0.08453 0.624847 0.183166 0.039334 0.0281978 0.0160072 0.00971631 0.00544157 0.00424367 0.00451591 
360 0.0776353 0.62986 0.14138 0.0679594 0.03246 0.0222697 0.0103416 0.00681509 0.00529511 0.00598345 
361 0.0776353 0.615318 0.14076 0.0679698 0.0324951 0.0373861 0.0103416 0.00681509 0.00529511 0.00598345 
362 0.148455 0.756099 0.0657209 0.0142191 0.00638299 0.00363651 0.0021808 0.00135103 0.000851683 0.00110339 
363 0.258726 0.619032 0.0536475 0.0584619 0.00907095 0.000538497 0.000197908 0.000144156 9.31446e-05 8.81683e-05 
364 0.225467 0.701595 0.0403462 0.0151547 0.0157982 0.000830824 0.000305344 0.000222413 0.000143709 0.000136031 
365 0.281044 0.64848 0.0385796 0.0143027 0.00673791 0.00434067 0.00286398 0.00101673 0.00118169 0.00145344 
366 0.307849 0.643571 0.0334509 0.00723728 0.00324883 0.00185092 0.00110999 0.000687649 0.000433491 0.000561607 
367 0.0788297 0.640168 0.127553 0.069005 0.0329594 0.0226123 0.0105007 0.00691994 0.00537657 0.00607551 
368 0.587068 0.41201 0.000736975 0.000121284 3.67302e-05 1.0102e-05 6.02146e-06 6.03912e-06 2.01598e-06 3.01573e-06 
369 0.297049 0.695437 0.00399559 0.00251601 0.000425594 0.000258791 0.000123998 6.63739e-05 7.20794e-05 5.50045e-05 
370 0.0690387 0.691611 0.1562 0.030437 0.0218198 0.0123865 0.00751857 0.00421073 0.0032838 0.00349445 
371 0.157262 0.776043 0.0440869 0.0124487 0.00389056 0.00250633 0.00165368 0.000587066 0.000682313 0.000839224 
