2 0.244697 0.75396 0.000348002 0.000958545 2.29616e-06 3.20618e-05 5.45966e-07 2.52147e-07 2.01491e-07 1.53227e-07 
3 0.0833771 0.709749 0.109491 0.0342723 0.024555 0.015235 0.00900539 0.00717358 0.00290599 0.00423558 
4 0.0453606 0.939739 0.00898472 0.00246361 0.00144987 0.000782158 0.000514526 0.000233227 0.000197903 0.000274092 
5 0.192095 0.712 0.0675558 0.0102361 0.00762313 0.00378386 0.00275335 0.00169173 0.0010032 0.00125774 
6 0.192095 0.712 0.0675558 0.0102361 0.00762313 0.00378386 0.00275335 0.00169173 0.0010032 0.00125774 
7 0.214548 0.77331 0.00836897 0.00261715 0.000475622 0.000273838 0.000145468 9.48788e-05 8.17189e-05 8.41594e-05 
8 0.284351 0.701518 0.0134645 0.00059652 2.4856e-05 1.90484e-05 1.27004e-05 6.35103e-06 6.3509e-06 0 
9 0.929761 0.0689556 4.17782e-05 0.00123875 1.16321e-06 8.91424e-07 5.94352e-07 2.97215e-07 2.97209e-07 0 
10 0.0967325 0.690783 0.107124 0.0537678 0.0202773 0.0127324 0.00693195 0.0046997 0.00331171 0.00363965 
11 0.371659 0.626434 0.00153628 0.000175808 8.03592e-05 4.62666e-05 2.45776e-05 1.60303e-05 1.38069e-05 1.42192e-05 
12 0.12939 0.728621 0.102451 0.0164672 0.00969047 0.00522769 0.00343893 0.00155881 0.00132272 0.00183194 
13 0.285977 0.648919 0.035594 0.0164515 0.00461909 0.00320988 0.00215598 0.0011761 0.000994027 0.000903741 
14 0.538473 0.461355 4.63332e-06 0.000167035 0 0 0 0 0 0 
15 0.362116 0.634992 0.00273979 7.76814e-05 3.84067e-05 1.47236e-05 9.91957e-06 4.96378e-06 3.96656e-06 3.01643e-06 
16 0.141071 0.802879 0.0536942 0.00233766 9.77372e-06 3.70567e-06 1.78274e-06 1.43229e-06 1.07345e-06 3.58078e-07 
17 0.285729 0.503725 0.182645 0.0116359 0.00683213 0.00368571 0.00242457 0.00109902 0.000932564 0.00129158 
18 0.565943 0.388109 0.0409313 0.00266744 0.000988461 0.000490638 0.000357016 0.00021936 0.000130081 0.000163087 
19 0.048015 0.950763 0.00036799 0.000460302 0.000392932 3.32446e-07 2.21381e-07 1.10705e-07 1.10702e-07 0 
20 0.209346 0.779215 0.00643731 0.00143517 0.00355668 4.24257e-06 2.04057e-06 1.63943e-06 1.22869e-06 4.09863e-07 
21 0.0798763 0.920004 2.08589e-05 6.01108e-05 1.00621e-07 0 3.90856e-05 0 0 0 
22 0.539853 0.459638 0.000152009 0.000344553 6.59257e-06 2.50314e-06 1.20422e-06 9.67496e-07 7.25101e-07 2.41877e-07 
23 0.0844275 0.667616 0.188136 0.0295413 0.0149755 0.00622261 0.0033878 0.00229685 0.00161851 0.00177878 
24 0.0967054 0.63201 0.116833 0.0450955 0.0454839 0.0331867 0.0118494 0.00943892 0.00382366 0.00557313 
25 0.188101 0.68042 0.0910524 0.027709 0.00535244 0.00265675 0.00193321 0.00118781 0.000704374 0.000883097 
26 0.219036 0.777631 0.00220743 0.000533284 0.000243756 0.000140342 7.45522e-05 4.86254e-05 4.18809e-05 4.31317e-05 
27 0.195636 0.803329 0.000483999 0.000464583 4.52332e-05 1.66441e-05 8.84164e-06 5.76681e-06 4.96694e-06 5.11527e-06 
28 0.308593 0.690416 0.000218328 0.000773125 0 0 0 0 0 0 
29 0.025791 0.835525 0.13242 0.00349284 0.000980196 0.000681095 0.00045747 0.000249554 0.00021092 0.000191762 
30 0.150996 0.84623 0.000297068 0.00247522 9.39724e-07 3.55956e-07 2.37332e-07 1.18681e-07 1.18679e-07 0 
31 0.194565 0.630487 0.0990408 0.0472758 0.0101399 0.00703289 0.00472377 0.00257686 0.00217792 0.00198011 
32 0.51094 0.488571 0.000417063 3.48784e-05 1.88452e-05 7.2245e-06 4.86729e-06 2.43561e-06 1.9463e-06 1.48009e-06 
33 0.100664 0.768535 0.089969 0.0244459 0.00688461 0.00371242 0.00244214 0.00110698 0.000939321 0.00130094 
34 0.62912 0.370506 0.000314716 3.34891e-05 1.38828e-05 5.27316e-06 2.53684e-06 2.03815e-06 1.52751e-06 5.09543e-07 
35 0.28489 0.662234 0.0190156 0.00488326 0.0259537 0.00121743 0.000646718 0.000421811 0.000363305 0.000374154 
36 0.195051 0.692185 0.071212 0.0231548 0.00774682 0.00384208 0.00279571 0.00171776 0.00101863 0.00127709 
37 0.770365 0.225452 0.00391105 0.000132352 7.15113e-05 2.74145e-05 1.84697e-05 9.24231e-06 7.38554e-06 5.61645e-06 
38 0.136219 0.732022 0.0789169 0.0245476 0.010008 0.00695475 0.00467128 0.00254823 0.00215372 0.0019581 
39 0.0924128 0.904205 0.00185184 0.00152927 5.32366e-07 1.68156e-07 1.12117e-07 0 0 0 
40 0.191258 0.752087 0.0526377 0.00190621 0.000868835 0.000500229 0.000265731 0.000173318 0.000149279 0.000153737 
41 0.318135 0.680859 2.55371e-06 0.00100179 8.01398e-07 1.44522e-07 0 0 0 0 
42 0.156833 0.786737 0.0440385 0.00447404 0.00333197 0.00165387 0.00120345 0.000739431 0.000438485 0.000549743 
43 0.381753 0.613742 0.00209099 0.00184495 0.000234007 0.000134728 7.15701e-05 4.66804e-05 4.02057e-05 4.14064e-05 
44 0.133959 0.664737 0.108759 0.0302643 0.0123387 0.00897881 0.0190533 0.00328231 0.0119581 0.00666924 
45 0.29632 0.702726 0.000182611 0.000768299 1.49538e-06 5.5998e-07 2.69398e-07 2.16439e-07 1.62213e-07 0 
46 0.124864 0.809268 0.0564177 0.00341202 0.00254104 0.00126129 0.000917784 0.00056391 0.0003344 0.000419248 
47 0.150617 0.842166 0.00674395 0.000230014 0.00012428 4.76438e-05 3.20986e-05 1.60622e-05 1.28353e-05 9.76084e-06 
48 0.290111 0.70945 0.000145346 0.000282875 5.48813e-06 2.08457e-06 1.00286e-06 8.05714e-07 6.03851e-07 2.01431e-07 
49 0.206126 0.582126 0.179024 0.0143534 0.00543775 0.00930175 0.001493 0.000915198 0.000542715 0.000680419 
50 0.206097 0.753935 0.0264028 0.0012537 0.000677393 0.000259685 0.000177608 0.0102505 0.000893392 5.32019e-05 
51 0.448134 0.549609 0.000272997 0.00197658 3.89109e-06 1.3004e-06 6.25601e-07 5.0262e-07 3.76694e-07 1.25657e-07 
52 0.464487 0.531485 0.0037303 0.00014518 7.84259e-05 3.00653e-05 2.02556e-05 1.0136e-05 8.09966e-06 6.15951e-06 
53 0.113929 0.433564 0.448304 4.61973e-05 0.00414189 6.1126e-06 4.11712e-06 2.06022e-06 1.64632e-06 1.25197e-06 
54 0.731745 0.268075 0.000152478 1.59023e-05 6.59228e-06 2.50397e-06 1.20462e-06 9.67816e-07 7.25341e-07 2.41957e-07 
55 0.224056 0.754745 0.0192706 0.000410667 0.00125012 0.000107611 5.71646e-05 3.72846e-05 3.21132e-05 3.30722e-05 
56 0.218818 0.648069 0.115968 0.00158462 0.000856401 0.0142168 0.000221126 0.000110651 8.84213e-05 6.72413e-05 
57 0.118889 0.869756 0.0087485 0.00123461 0.000564324 0.000324908 0.000172597 0.000112573 9.69591e-05 9.98547e-05 
58 0.350743 0.644129 0.00502736 5.6872e-05 2.35762e-05 8.95502e-06 4.30813e-06 3.46123e-06 2.59406e-06 8.6532e-07 
59 0.105955 0.59743 0.132661 0.0735229 0.0279122 0.0391009 0.00862755 0.00699598 0.00312053 0.00467385 
60 0.524492 0.474337 0.000427842 0.00062985 4.65145e-05 2.67602e-05 1.42155e-05 9.27179e-06 7.98577e-06 8.22426e-06 
61 0.185022 0.604255 0.204784 0.00214485 0.00159723 0.000792809 0.000576893 0.000354457 0.000210194 0.000263528 
62 0.14419 0.736684 0.0750947 0.0183395 0.0107917 0.00582174 0.00382972 0.00173595 0.00147303 0.00204012 
63 0.210077 0.742133 0.0180447 0.0281359 0.000826102 0.000315085 0.000212279 0.000106225 8.48844e-05 6.45517e-05 
64 0.114824 0.798109 0.0450902 0.0147739 0.0105841 0.00656682 0.00388164 0.00309206 0.00125258 0.00182568 
65 0.424208 0.563167 0.0111077 0.000719034 0.00032866 0.000189225 0.00010052 6.55623e-05 5.64687e-05 5.81551e-05 
66 0.470601 0.527976 0.00101232 0.000194412 8.88631e-05 5.11627e-05 2.71785e-05 1.77267e-05 1.5268e-05 1.5724e-05 
67 0.30844 0.668121 0.0154936 0.00376436 0.00172063 0.00099065 0.000526251 0.000343238 0.00029563 0.000304459 
68 0.172809 0.827055 0.000117675 8.87768e-06 4.79668e-06 1.83885e-06 1.23887e-06 6.19935e-07 4.9539e-07 3.76727e-07 
69 0.104368 0.650017 0.12073 0.0384615 0.0288379 0.0320144 0.00906539 0.00780711 0.00348233 0.00521575 
70 0.137785 0.841796 0.0143831 0.00217929 0.00162299 0.000805596 0.000586198 0.000360174 0.000213584 0.000267778 
71 0.123315 0.874695 0.00140255 0.000212179 0.000158017 7.84342e-05 5.70732e-05 3.50672e-05 2.07949e-05 2.60713e-05 
72 0.115692 0.669727 0.106839 0.044917 0.0251873 0.0153041 0.00791778 0.00681887 0.00304153 0.00455553 
73 0.313622 0.658614 0.0164942 0.00523528 0.00213441 0.00148324 0.000996244 0.000543461 0.000459325 0.000417605 
74 0.210231 0.784306 0.00465459 0.000393404 0.000212561 8.14873e-05 5.48997e-05 2.7472e-05 2.19529e-05 1.66944e-05 
75 0.214706 0.423004 0.347714 0.00343244 0.00763007 0.00126769 0.000922443 0.000566772 0.000336097 0.000421376 
76 0.234219 0.743971 0.014375 0.00352261 0.00161013 0.000927031 0.000492455 0.000321195 0.000276645 0.000284906 
77 0.148447 0.660541 0.137198 0.0224121 0.0131898 0.00711547 0.00468076 0.00212172 0.00180037 0.00249348 
78 0.124289 0.717636 0.097339 0.0344464 0.0110426 0.00595713 0.00391878 0.00177632 0.00150728 0.00208756 
79 0.0765953 0.839868 0.0495675 0.0157806 0.00643373 0.00447091 0.00300297 0.00163815 0.00138454 0.00125878 
80 0.619015 0.364525 0.0137741 0.000972578 0.000720812 0.000357786 0.000260346 0.000159963 9.48585e-05 0.000118927 
81 0.114257 0.876928 0.00682911 0.00094109 0.000430158 0.000247662 0.000131563 8.58095e-05 7.39075e-05 7.61147e-05 
82 0.0733765 0.856317 0.0355926 0.022814 0.00420991 0.00292489 0.00196456 0.00107168 0.000905772 0.000823502 
83 0.545857 0.454068 6.31933e-05 6.66253e-06 2.76194e-06 1.04908e-06 5.04695e-07 4.05482e-07 3.03893e-07 1.01372e-07 
84 0.117664 0.769648 0.0940008 0.0104194 0.00292442 0.00203223 0.00136498 0.000744612 0.000629335 0.000572173 
85 0.247667 0.676599 0.0223169 0.0333258 0.00247231 0.00142896 0.0148347 0.000493105 0.000424708 0.000437392 
86 0.116325 0.826126 0.0429312 0.00527797 0.00393068 0.00195105 0.0014197 0.000872298 0.000517275 0.000648525 
87 0.266429 0.682402 0.0237376 0.00581765 0.0178107 0.001531 0.000813297 0.000530459 0.000456883 0.000470527 
88 0.103203 0.706143 0.116862 0.0289898 0.0232968 0.00843058 0.00538994 0.00294026 0.00248507 0.00225935 
89 0.189449 0.701152 0.0665475 0.0100833 0.00750935 0.00372917 0.017582 0.00172034 0.000988227 0.00123897 
90 0.0785331 0.899227 0.0146857 0.00290994 0.0024842 0.000821429 0.000551725 0.000300972 0.000254377 0.000231272 
91 0.0418842 0.300721 0.54579 0.0142181 0.0312808 0.0334381 0.0131323 0.00888673 0.00437998 0.00626932 
92 0.237626 0.705302 0.0461206 0.00518872 0.00237168 0.00136549 0.000725373 0.000473112 0.00040749 0.00041966 
93 0.690673 0.309021 9.80864e-05 0.000205461 1.52427e-06 5.77808e-07 2.77975e-07 2.2333e-07 1.67377e-07 0 
94 0.251205 0.714837 0.0223811 0.0054852 0.00250721 0.00144352 0.000766822 0.000500147 0.000430775 0.00044364 
95 0.204893 0.787007 0.00557599 0.00239164 6.76704e-05 2.594e-05 1.74763e-05 8.74519e-06 6.98829e-06 5.31435e-06 
96 0.117021 0.675476 0.105143 0.0486252 0.0136473 0.00948375 0.00646749 0.0185288 0.0029369 0.00267014 
97 0.0995531 0.816119 0.0364721 0.0272884 0.00815593 0.00504639 0.00274742 0.00186269 0.00131257 0.00144254 
98 0.123802 0.677279 0.152745 0.0214508 0.00874488 0.00607696 0.0040817 0.00222661 0.0018819 0.00171097 
99 0.112506 0.686924 0.155386 0.0213854 0.00999653 0.00539277 0.00354753 0.00160804 0.00136449 0.00188979 
100 0.247667 0.663498 0.0492549 0.033574 0.00247197 0.00142319 0.000756022 0.000493103 0.000424708 0.000437392 
101 0.144615 0.673677 0.0826402 0.0555159 0.0171172 0.0107481 0.00585165 0.00396728 0.0027956 0.00307243 
102 0.130578 0.787765 0.0413712 0.0230002 0.00679396 0.00426602 0.00232256 0.00157464 0.00110959 0.00121947 
103 0.07959 0.682035 0.139029 0.0568953 0.0166843 0.010476 0.00570351 0.00386684 0.00272483 0.00299465 
104 0.0540682 0.89152 0.0368629 0.00815238 0.0033237 0.00230969 0.00155135 0.000846275 0.000715259 0.000650293 
105 0.0759866 0.836474 0.080343 0.00259839 0.0019351 0.000960519 0.000698928 0.000429439 0.000254658 0.000319274 
106 0.105963 0.634794 0.116339 0.065313 0.0259878 0.0164312 0.0203808 0.00699599 0.00312053 0.00467385 
107 0.084375 0.656066 0.127834 0.0504917 0.0404943 0.0165699 0.00856856 0.00737932 0.00329152 0.00492995 
108 0.107269 0.702496 0.124182 0.0306846 0.01251 0.00869343 0.0058391 0.00318528 0.00269216 0.00244763 
109 0.152185 0.739472 0.0734841 0.0182336 0.00698284 0.00376701 0.00247805 0.00112326 0.000953135 0.00132008 
110 0.168867 0.752809 0.0552243 0.0083405 0.00621144 0.00308315 0.00224347 0.00137845 0.000817422 0.00102483 
111 0.131398 0.790384 0.0527481 0.0173927 0.0033995 0.0016874 0.00122785 0.00075442 0.000447373 0.000560886 
112 0.0934327 0.729279 0.0894875 0.0448065 0.0168978 0.0106104 0.00577663 0.00391642 0.00275976 0.00303304 
113 0.0924649 0.703734 0.0883828 0.0513957 0.0194814 0.0264554 0.00694867 0.00449236 0.00316561 0.00347907 
114 0.144193 0.783608 0.0541888 0.0104923 0.00316433 0.00157066 0.0011429 0.000702227 0.000416423 0.000522083 
115 0.124562 0.874552 0.000815766 3.38436e-05 1.82861e-05 7.01016e-06 4.72288e-06 2.36335e-06 1.88855e-06 1.43618e-06 
116 0.282654 0.360642 0.348454 0.00194226 0.00148814 0.00353893 0.000532081 0.000320845 0.000190262 0.000238538 
117 0.451791 0.547833 0.000317676 3.3097e-05 1.37203e-05 5.21143e-06 2.50714e-06 2.01428e-06 1.50963e-06 5.03578e-07 
118 0.35553 0.573563 0.0636647 0.0015816 0.00465683 0.000404273 0.00021471 0.000140041 0.000120617 0.000124219 
119 0.0400364 0.30679 0.546492 0.0135908 0.0297116 0.0174523 0.0272526 0.00849473 0.00418674 0.00599273 
120 0.327525 0.583325 0.0673633 0.00969639 0.00507843 0.00273964 0.00180222 0.000816917 0.000693189 0.000960054 
121 0.324371 0.645897 0.022825 0.00401781 0.00121652 0.000603225 0.00043894 0.000269696 0.00015993 0.00020051 
122 0.155223 0.836473 0.00394235 0.00333485 0.000422906 0.000243485 0.000129343 8.43621e-05 7.26609e-05 7.48308e-05 
123 0.405921 0.59392 0.000134949 1.38095e-05 5.72468e-06 2.17443e-06 1.04608e-06 8.40444e-07 6.2988e-07 2.10114e-07 
124 0.189228 0.701371 0.0665491 0.0100833 0.00750935 0.00373515 0.0155394 0.00375691 0.000988227 0.00123897 
125 0.147383 0.842624 0.00664427 0.00158663 0.000725226 0.000417547 0.000221808 0.000144671 0.000124604 0.000128326 
126 0.093845 0.699761 0.0892536 0.0670877 0.0196721 0.0123523 0.00672503 0.00455941 0.00321285 0.003531 
127 0.394409 0.604945 0.000608854 1.80718e-05 9.76442e-06 3.74328e-06 2.52192e-06 1.26198e-06 1.00845e-06 7.6689e-07 
128 0.45275 0.529732 0.0131052 0.00159337 0.00118662 0.000588997 0.000428588 0.000263335 0.000156158 0.000195781 
129 0.118821 0.685868 0.106761 0.033989 0.0138573 0.00962965 0.00646792 0.0039851 0.0179099 0.00271122 
130 0.141092 0.673679 0.0871238 0.043917 0.0227731 0.0163167 0.00563221 0.00381851 0.00269076 0.00295721 
131 0.181379 0.800504 0.0137362 0.00207548 0.000948674 0.000546196 0.000290149 0.000189245 0.000162996 0.000167864 
132 0.126972 0.768201 0.0726928 0.0149276 0.00608596 0.00422924 0.00284064 0.0015496 0.0013097 0.00119074 
133 0.434629 0.564936 0.000407986 1.48646e-05 6.16204e-06 2.34055e-06 1.126e-06 9.04652e-07 6.78002e-07 2.26166e-07 
134 0.168815 0.803213 0.0130097 0.00317326 0.00145302 0.00909697 0.000443623 0.000289341 0.000249209 0.000256651 
135 0.376003 0.558772 0.0594374 0.00331374 0.00107833 0.000503498 0.000366374 0.000225109 0.00013349 0.000167361 
136 0.233407 0.69695 0.0436545 0.0120728 0.00492198 0.00342037 0.00229735 0.00125323 0.00105921 0.000963002 
137 0.0998942 0.818197 0.0456976 0.0150809 0.00887538 0.00478798 0.00314967 0.0014277 0.00121146 0.00167785 
138 0.0786731 0.632832 0.145112 0.0505732 0.0361103 0.0224045 0.0132432 0.0105494 0.00427351 0.00622879 
139 0.268772 0.730388 0.000779857 2.92308e-05 1.57937e-05 6.05466e-06 4.07915e-06 2.04122e-06 1.63114e-06 1.24042e-06 
140 0.437838 0.558357 0.00312662 0.000321657 0.000146989 8.46284e-05 4.49561e-05 2.93218e-05 2.52548e-05 2.60091e-05 
141 0.378085 0.584714 0.0295327 0.00276884 0.00206199 0.0010235 0.000744759 0.000457599 0.000271357 0.00034021 
142 0.369183 0.628184 0.00173596 0.00042521 0.000194357 0.000111901 5.94436e-05 3.87711e-05 3.33934e-05 3.43907e-05 
143 0.0967325 0.690523 0.092051 0.0691008 0.0202774 0.0127324 0.00693196 0.0046997 0.00331171 0.00363965 
144 0.0749002 0.821025 0.0488451 0.0281847 0.0106293 0.00667425 0.00363369 0.00246355 0.00173598 0.00190788 
145 0.136466 0.726078 0.0828844 0.0227276 0.0133756 0.00721568 0.00474669 0.0021516 0.00182572 0.00252859 
146 0.104011 0.680126 0.117942 0.0301573 0.0248932 0.0228205 0.00710811 0.00612148 0.00273046 0.00408962 
147 0.202055 0.714609 0.0625453 0.00750738 0.0055903 0.00277483 0.00201913 0.0012406 0.00073568 0.000922346 
148 0.248574 0.723136 0.0214796 0.00322659 0.00147483 0.000849129 0.000451072 0.000294204 0.000253397 0.000260965 
149 0.152697 0.679312 0.0989079 0.0367841 0.0135668 0.00731876 0.0048145 0.00218234 0.00185181 0.00256472 
150 0.293133 0.706537 0.000277838 2.95371e-05 1.22445e-05 4.65089e-06 2.23747e-06 1.79763e-06 1.34725e-06 4.49413e-07 
151 0.108137 0.865088 0.0243841 0.00113264 0.000517713 0.000298072 0.000158341 0.000103275 8.89507e-05 9.16071e-05 
152 0.187856 0.512974 0.239413 0.0418246 0.00634334 0.00440794 0.00296067 0.00161507 0.00136504 0.00124105 
153 0.446322 0.512328 0.0324168 0.00324038 0.00239584 0.00118921 0.000865339 0.000531686 0.000315291 0.000395291 
154 0.189202 0.809777 0.000300318 0.000696244 1.32371e-05 5.0279e-06 2.41885e-06 1.94335e-06 1.45646e-06 4.85844e-07 
155 0.196943 0.719105 0.0461642 0.012509 0.00748442 0.0116006 0.00261257 0.00118421 0.00100486 0.00139171 
156 0.50566 0.494131 0.00017608 1.86411e-05 7.72765e-06 2.93522e-06 1.41209e-06 1.1345e-06 8.50264e-07 2.83629e-07 
157 0.246191 0.739074 0.013942 0.000375758 0.000171727 9.88712e-05 5.25221e-05 3.42566e-05 2.95052e-05 3.03863e-05 
158 0.138412 0.736454 0.0697831 0.0230523 0.0135667 0.00731876 0.0048145 0.00218234 0.00185181 0.00256472 
159 0.08566 0.682148 0.127812 0.0363913 0.0272575 0.016562 0.00856856 0.00737932 0.00329152 0.00492995 
160 0.0984484 0.71489 0.156928 0.0138187 0.00562952 0.00391205 0.00262759 0.00143338 0.00121147 0.00110143 
161 0.256453 0.572215 0.157049 0.00515718 0.00384066 0.00190637 0.00138719 0.000852321 0.000505429 0.000633673 
162 0.282117 0.689917 0.0200718 0.00333048 0.00192033 0.000953186 0.000693593 0.000426161 0.000252714 0.000316836 
163 0.201148 0.691062 0.0655689 0.00993542 0.0221044 0.00367257 0.00267237 0.00164197 0.000973694 0.00122075 
164 0.0713587 0.620779 0.178019 0.0456964 0.03274 0.0203134 0.0120072 0.00956477 0.00387465 0.00564744 
165 0.11135 0.881658 0.00460806 0.00112931 0.00051619 0.000297195 0.000157875 0.000102971 8.86891e-05 9.13377e-05 
166 0.0962604 0.611062 0.179429 0.0398633 0.0285524 0.0177151 0.0104714 0.00834137 0.00337905 0.00492509 
167 0.127952 0.706125 0.11025 0.0296 0.0135074 0.00510901 0.00278134 0.00188568 0.00132877 0.00146035 
168 0.172121 0.697141 0.084566 0.0214494 0.00874488 0.00607696 0.0040817 0.00222661 0.0018819 0.00171096 
169 0.129461 0.361818 0.489833 0.00530963 0.00902398 0.001643 0.00119553 0.000734566 0.0004356 0.000546126 
170 0.175192 0.776151 0.0343745 0.0051571 0.00384066 0.00190637 0.00138719 0.000852321 0.000505429 0.000633673 
171 0.173337 0.72901 0.0756403 0.007948 0.00591914 0.00293806 0.0021379 0.00131358 0.000778955 0.000976602 
172 0.137047 0.695742 0.100138 0.0258353 0.0109511 0.0164094 0.00690763 0.00266675 0.0022539 0.00204918 
173 0.183744 0.681059 0.108081 0.00979102 0.00729169 0.00361935 0.00263364 0.00161818 0.000959583 0.00120306 
174 0.23935 0.700335 0.0508923 0.00446472 0.00204075 0.00117496 0.000624158 0.000407096 0.000350631 0.000361102 
175 0.413798 0.581995 0.00277794 0.000677186 0.000309532 0.000178212 9.46694e-05 6.17465e-05 5.31821e-05 5.47704e-05 
176 0.0781454 0.859088 0.040543 0.0103238 0.00420898 0.00292489 0.00196456 0.00107168 0.000905772 0.000823502 
177 0.168619 0.787976 0.0284513 0.00460995 0.0066572 0.00138098 0.000946465 0.000581532 0.00034485 0.00043235 
178 0.16304 0.585185 0.193745 0.0192103 0.0115291 0.0177802 0.0040121 0.00181861 0.00154317 0.00213726 
179 0.405619 0.58287 0.0110573 0.000220808 0.000119002 4.56203e-05 3.07353e-05 1.53801e-05 1.22902e-05 9.34629e-06 
180 0.0697436 0.849651 0.0778438 0.00100148 0.000740982 0.000367798 0.000267631 0.000164439 9.75128e-05 0.000122255 
181 0.327971 0.665901 0.00477795 0.000639947 0.000292508 0.000168411 8.94626e-05 5.83505e-05 5.02571e-05 5.1758e-05 
182 0.0933237 0.649898 0.126218 0.0402097 0.0301484 0.0237549 0.0191925 0.00816199 0.00364062 0.00545283 
183 0.100884 0.861373 0.0367022 0.000489906 0.000412106 5.60236e-05 2.96561e-05 1.93427e-05 1.66598e-05 1.71573e-05 
184 0.158565 0.785532 0.04755 0.00301599 0.0022461 0.00111489 0.000811256 0.000498456 0.000295586 0.000370586 
185 0.305225 0.685762 0.00780174 0.000237548 0.000829077 0.000110374 1.5624e-05 7.81832e-06 6.24762e-06 4.7511e-06 
186 0.297153 0.667529 0.0268766 0.00399963 0.00182817 0.00105257 0.000559141 0.00036469 0.000314107 0.000323488 
187 0.15767 0.589586 0.200887 0.0278047 0.0101029 0.00545014 0.00358527 0.00162514 0.001379 0.0019099 
188 0.441506 0.510469 0.0465141 0.000547497 0.000405421 0.000201237 0.000146431 8.99711e-05 5.33531e-05 6.68906e-05 
189 0.498279 0.500773 0.000636954 0.000147395 6.73722e-05 3.87894e-05 2.06056e-05 1.34396e-05 1.15755e-05 1.19212e-05 
190 0.168842 0.690857 0.0854838 0.0224848 0.0166581 0.00596122 0.00400395 0.00218419 0.00184605 0.00167838 
191 0.0878836 0.882436 0.0178318 0.00493474 0.00290418 0.00156671 0.00103063 0.000467167 0.000396411 0.000549022 
192 0.180723 0.752035 0.0500759 0.00619799 0.00461584 0.00229115 0.00166717 0.00102435 0.000607442 0.00076157 
193 0.0941542 0.898617 0.00476552 0.00116706 0.000533449 0.000307132 0.000163154 0.000106414 9.16543e-05 9.43915e-05 
194 0.122193 0.842113 0.0211945 0.00673563 0.0027461 0.00190831 0.00128175 0.000699209 0.000590961 0.000537285 
195 0.132276 0.854144 0.0106561 0.00105559 0.000786135 0.000390211 0.000283939 0.000174459 0.000103455 0.000129705 
196 0.0838349 0.704852 0.106684 0.0599153 0.0175737 0.0110348 0.00600769 0.00407308 0.00287015 0.00315436 
197 0.0886663 0.611127 0.124608 0.0879442 0.0341047 0.0211598 0.0125075 0.00996331 0.00403609 0.00588275 
198 0.113291 0.6978 0.11416 0.0286921 0.0118243 0.0209893 0.00545994 0.00297845 0.00251734 0.00228869 
199 0.41627 0.504426 0.0772279 0.000985971 0.000448861 0.000258431 0.000137283 8.95404e-05 7.71209e-05 7.94241e-05 
200 0.304239 0.672078 0.0179392 0.0033531 0.00100634 0.00049947 0.000363443 0.000223308 0.000132422 0.000166022 
201 0.134381 0.677218 0.0830653 0.0654122 0.0156919 0.00985247 0.00536401 0.00363667 0.00256263 0.00281639 
202 0.080038 0.918226 0.00148504 0.00012228 6.60694e-05 2.53283e-05 1.70642e-05 8.53898e-06 6.82351e-06 5.18904e-06 
203 0.0603856 0.865246 0.0375494 0.0187898 0.00708617 0.0044495 0.00242246 0.00164237 0.00115732 0.00127192 
204 0.209776 0.719992 0.0508119 0.00645521 0.00771396 0.00206846 0.00134269 0.00060862 0.00051644 0.00071526 
205 0.0883911 0.857423 0.0389927 0.00911595 0.0032512 0.00101933 0.000741719 0.000455731 0.00027025 0.000338821 
206 0.426508 0.569402 0.00216208 0.00174056 9.6318e-05 3.6924e-05 2.48764e-05 1.24482e-05 9.9474e-06 7.56465e-06 
207 0.111907 0.655938 0.114115 0.036354 0.0275096 0.0300084 0.0085686 0.00737932 0.00329152 0.00492995 
208 0.280939 0.717643 0.00128911 6.27197e-05 3.38883e-05 1.29914e-05 8.75256e-06 4.37981e-06 3.49991e-06 2.66156e-06 
209 0.181118 0.699886 0.0636955 0.00978122 0.0356289 0.00356765 0.00259602 0.00159506 0.000945874 0.00118587 
210 0.256472 0.735328 0.00601414 0.00127593 0.000382897 0.000190057 0.000138296 8.49727e-05 5.0389e-05 6.31744e-05 
211 0.0885772 0.699947 0.0868894 0.0773327 0.0185847 0.0116564 0.00634616 0.00430254 0.00303185 0.00333207 
212 0.177887 0.636109 0.110588 0.026276 0.0197009 0.0119705 0.00619312 0.00533357 0.00237902 0.00356323 
213 0.221575 0.519068 0.250532 0.00318674 0.00237324 0.001178 0.000857176 0.00052667 0.000312317 0.000391562 
214 0.0733258 0.736787 0.0992088 0.0315934 0.023688 0.0143931 0.00744649 0.00641298 0.00286049 0.00428436 
215 0.136353 0.774125 0.0693877 0.00728086 0.00540996 0.00268532 0.00195399 0.00120058 0.000711948 0.000892593 
216 0.176805 0.795327 0.0221108 0.00207871 0.00154808 0.000768415 0.000559142 0.000343551 0.000203727 0.000255419 
217 0.0741773 0.74159 0.0900842 0.0400249 0.0270926 0.0109911 0.00568641 0.00489719 0.00218437 0.0032717 
218 0.0807628 0.658197 0.0997958 0.0494597 0.0629797 0.0192851 0.0113992 0.00908048 0.00367846 0.00536149 
219 0.113441 0.798912 0.0493712 0.0195418 0.00736328 0.0046235 0.00251719 0.0017066 0.00120258 0.00132166 
220 0.421154 0.571109 0.00586054 0.0014152 0.000189947 0.000109357 5.80926e-05 3.78899e-05 3.26345e-05 3.36091e-05 
221 0.107563 0.730443 0.109733 0.0242783 0.00989805 0.00687832 0.00461995 0.00252023 0.00213006 0.00193659 
222 0.180827 0.818009 0.000789786 0.00017719 8.09895e-05 4.66295e-05 2.47704e-05 1.61561e-05 1.39152e-05 1.43308e-05 
223 0.194387 0.698347 0.0536986 0.0177325 0.0104359 0.00562982 0.00370346 0.00167872 0.00143405 0.0129523 
224 0.237744 0.674542 0.0446931 0.0261412 0.00716632 0.00379491 0.00249641 0.00113158 0.000960195 0.00132985 
225 0.115274 0.68032 0.103574 0.0330773 0.0272687 0.0103396 0.00627485 0.00342307 0.017818 0.00263068 
226 0.181915 0.702995 0.0751252 0.0185654 0.00756909 0.00525989 0.0035329 0.00192723 0.00162887 0.00148092 
227 0.093845 0.684836 0.0893287 0.0670124 0.0206797 0.0262702 0.00672506 0.00455941 0.00321285 0.003531 
228 0.112113 0.614801 0.142514 0.0488631 0.0272794 0.0172309 0.0215982 0.00737932 0.00329152 0.00492995 
229 0.20374 0.670031 0.0882416 0.0158216 0.00931045 0.00502268 0.00330407 0.00149768 0.00127085 0.0017601 
230 0.204455 0.794268 0.0012063 3.97858e-05 1.64916e-05 6.26407e-06 3.01355e-06 2.42114e-06 1.81455e-06 6.05294e-07 
231 0.131893 0.652361 0.0894897 0.0576214 0.0169654 0.0232108 0.00659857 0.0160674 0.00275978 0.00303304 
232 0.191606 0.641432 0.116369 0.0235031 0.00958215 0.0066588 0.0044725 0.00243979 0.00206208 0.00187478 
233 0.0858077 0.638797 0.130283 0.0463139 0.0331825 0.0206141 0.0256549 0.00969587 0.00392701 0.00572376 
234 0.154652 0.759826 0.0398666 0.0232994 0.00878685 0.00551738 0.00300385 0.00203654 0.00143507 0.00157718 
235 0.115576 0.879317 0.00337107 0.000822193 0.000375813 0.000216373 0.000114941 7.49685e-05 6.45702e-05 6.64985e-05 
236 0.13093 0.722572 0.0806256 0.0218918 0.0262612 0.00692316 0.00455426 0.00206437 0.00175171 0.00242608 
237 0.245052 0.702845 0.0424556 0.004571 0.00208934 0.00120293 0.000639019 0.000416789 0.00035898 0.0003697 
238 0.184535 0.668354 0.0742549 0.0371799 0.0140216 0.00880433 0.00479337 0.00324979 0.00229001 0.00251678 
239 0.297183 0.672182 0.0262065 0.00209817 0.000959042 0.000552166 0.00029332 0.000191313 0.000164778 0.000169698 
240 0.294981 0.651519 0.0317326 0.0090655 0.0053352 0.00287817 0.00189334 0.000858222 0.000728238 0.0010086 
241 0.442328 0.555574 0.00139624 0.000332725 0.000152084 8.75618e-05 4.65144e-05 3.03382e-05 2.61302e-05 2.69106e-05 
242 0.12462 0.651617 0.127252 0.0315621 0.0128964 0.0232896 0.0189477 0.00452919 0.00276907 0.00251756 
243 0.111049 0.667538 0.116698 0.0368535 0.0264033 0.0163817 0.00968322 0.00771353 0.00312471 0.00455439 
244 0.143089 0.805954 0.0303696 0.00956402 0.00389923 0.00270964 0.00181998 0.000992816 0.000839113 0.000762898 
245 0.145586 0.738375 0.0843155 0.0176542 0.00497637 0.00345816 0.00232274 0.00126707 0.00107091 0.000973643 
246 0.303083 0.678865 0.0163274 0.00155547 8.64557e-05 3.31435e-05 2.23295e-05 1.11737e-05 8.92894e-06 6.79015e-06 
247 0.15312 0.820165 0.0195854 0.00414788 0.00125468 0.00062278 0.00045317 0.000278439 0.000165115 0.00020701 
248 0.0854623 0.686425 0.114877 0.0398515 0.0285524 0.0177152 0.0104714 0.00834137 0.00337905 0.00492509 
249 0.36744 0.60957 0.0162345 0.00243892 0.00181634 0.00090157 0.000656034 0.000403083 0.00023903 0.000299679 
250 0.318 0.581033 0.0880629 0.00465919 0.00346984 0.00172231 0.00125325 0.000770028 0.000456629 0.000572491 
251 0.126407 0.682105 0.118248 0.0255177 0.0191326 0.0116252 0.00601447 0.00517972 0.00231039 0.00346045 
252 0.121158 0.70252 0.0963812 0.0306846 0.0125152 0.0225772 0.0058391 0.00318528 0.00269216 0.00244763 
253 0.148118 0.73434 0.0888932 0.0133093 0.00542604 0.00377065 0.00253262 0.00138157 0.00116768 0.00106162 
254 0.102261 0.654097 0.134719 0.0452922 0.0255102 0.0155003 0.00801929 0.00690629 0.00308052 0.00461393 
255 0.142393 0.647927 0.115528 0.0328786 0.0245653 0.0149262 0.00772228 0.0066505 0.00296643 0.00444304 
256 0.138758 0.841095 0.0161577 0.00144056 0.00107276 0.000532484 0.000387465 0.000238068 0.000141175 0.000176996 
257 0.102642 0.675216 0.1116 0.0492241 0.0186219 0.0256827 0.00634624 0.00430254 0.00303185 0.00333207 
258 0.176981 0.691751 0.093578 0.00954316 0.00645034 0.0036801 0.0146719 0.00143146 0.000848862 0.00106425 
259 0.166894 0.740474 0.0739211 0.0067558 0.00503127 0.00249735 0.00181721 0.00111654 0.000662112 0.000830112 
260 0.0990177 0.725627 0.114384 0.0283242 0.0115477 0.00802471 0.00538994 0.00294026 0.00248507 0.00225935 
261 0.127956 0.831972 0.0335239 0.00236827 0.00175918 0.000873199 0.000635389 0.000390399 0.000231508 0.000290249 
262 0.112031 0.69786 0.0912903 0.0522627 0.0276593 0.00791548 0.00409615 0.0027771 0.00195692 0.0021507 
263 0.10437 0.707031 0.110819 0.0298553 0.0121719 0.00891452 0.0187358 0.00310213 0.00261939 0.00238148 
264 0.287216 0.680398 0.0138531 0.0178316 0.000364489 0.000135812 9.14995e-05 4.57866e-05 3.65881e-05 2.7824e-05 
265 0.160049 0.802931 0.0231142 0.00645991 0.00263369 0.0018302 0.00122928 0.000670586 0.000566769 0.000515291 
266 0.0919308 0.655123 0.124335 0.0545308 0.0297014 0.0180451 0.00933589 0.00804016 0.00358628 0.00537144 
267 0.223141 0.720482 0.041956 0.00522516 0.00387021 0.00192104 0.00139786 0.000858878 0.000509317 0.000638547 
268 0.0998508 0.681565 0.123863 0.0542356 0.0159612 0.00997117 0.00542864 0.00368049 0.00259351 0.00285033 
269 0.0713303 0.622379 0.123156 0.0734477 0.0429366 0.0356515 0.0120118 0.00956478 0.00387465 0.00564744 
270 0.151042 0.82574 0.0189303 0.00203156 0.000928596 0.000534637 0.000284008 0.00018524 0.000159546 0.000164311 
271 0.085645 0.640074 0.149872 0.0387277 0.0285984 0.0330351 0.0092896 0.00739544 0.00299586 0.00436658 
272 0.179003 0.697206 0.100491 0.00872178 0.00613569 0.00304555 0.00221611 0.00136164 0.000807454 0.00101233 
273 0.17825 0.586061 0.173477 0.036513 0.0107993 0.00582174 0.00382972 0.00173595 0.00147303 0.00204012 
274 0.136462 0.712703 0.0962636 0.0227276 0.0133756 0.00721568 0.00474669 0.0021516 0.00182572 0.00252859 
275 0.149341 0.768428 0.055136 0.0112843 0.00664102 0.00358261 0.00235675 0.00106828 0.000906478 0.00125546 
276 0.195051 0.692185 0.0685951 0.0103935 0.023125 0.00384208 0.00279571 0.00171776 0.00101863 0.00127709 
277 0.106442 0.674983 0.0906757 0.0591518 0.030032 0.0215729 0.00730793 0.00396728 0.0027956 0.00307243 
278 0.206259 0.772137 0.0189656 0.000952864 0.000709629 0.000352235 0.000256306 0.000157481 9.33867e-05 0.000117082 
279 0.199056 0.724683 0.0666946 0.00398435 0.00234485 0.00126497 0.000832135 0.000377194 0.000320065 0.000443284 
280 0.13053 0.669964 0.127163 0.0296978 0.0165941 0.0102939 0.00608473 0.00484701 0.0019635 0.00286188 
281 0.120868 0.701838 0.0952536 0.040972 0.0188173 0.0108562 0.00425073 0.00288189 0.00203077 0.00223186 
282 0.200768 0.669581 0.0722705 0.0296649 0.0108928 0.00683973 0.00372378 0.00252463 0.00177902 0.00195518 
283 0.118861 0.746101 0.0629499 0.0367885 0.013874 0.00871166 0.00474292 0.00321559 0.00226591 0.00249028 
284 0.0828138 0.716138 0.11186 0.0510793 0.0149776 0.00940463 0.00512019 0.00347137 0.00244615 0.00268838 
285 0.20288 0.716208 0.0436127 0.0256933 0.00488473 0.00242461 0.00176428 0.00108402 0.000642827 0.000805934 
286 0.321107 0.667519 0.00967827 0.000803565 0.000367164 0.000211394 0.000112296 7.32433e-05 6.30843e-05 6.49682e-05 
287 0.254601 0.736315 0.00691697 0.00102664 0.000469264 0.000270177 0.000143523 9.36104e-05 8.06264e-05 8.30342e-05 
288 0.114459 0.790723 0.0572014 0.0156666 0.00922006 0.00497392 0.00327199 0.00148314 0.00125851 0.00174301 
289 0.102712 0.638087 0.152186 0.0376624 0.0269836 0.0167418 0.00989604 0.00788306 0.00319339 0.00465448 
290 0.177452 0.793031 0.0225313 0.00331004 0.00151297 0.000871089 0.000462738 0.000301813 0.000259951 0.000267714 
291 0.210868 0.661327 0.0611399 0.0365899 0.00689226 0.00342239 0.0161866 0.00152951 0.000907003 0.00113714 
292 0.202228 0.79009 0.00507619 0.00123461 0.000564324 0.000324908 0.000172597 0.000112573 9.69591e-05 9.98547e-05 
293 0.070392 0.645165 0.129991 0.0451225 0.0454397 0.0200464 0.0118492 0.00943892 0.00385745 0.0186972 
294 0.0821249 0.691909 0.111072 0.035388 0.0398603 0.0161204 0.00834006 0.00718254 0.00320374 0.00479849 
295 0.164799 0.746099 0.0545113 0.00814032 0.0181049 0.00301313 0.00218941 0.00134523 0.000797725 0.00100013 
296 0.203229 0.753821 0.0321207 0.00451425 0.0026527 0.00143104 0.000941383 0.000426714 0.000362085 0.000501481 
297 0.149059 0.700797 0.0759644 0.0393964 0.0146102 0.00788175 0.00518485 0.00235021 0.00199425 0.002762 
298 0.56846 0.427148 0.00325641 0.000409703 0.00030511 0.000151446 0.000110201 6.77102e-05 4.01523e-05 5.03403e-05 
299 0.135014 0.823098 0.0254817 0.00386046 0.00287501 0.00142886 0.00675078 0.000638134 0.00037835 0.000474349 
300 0.0800629 0.712731 0.108284 0.0344655 0.0258415 0.0157016 0.00812344 0.00699598 0.00312053 0.00467385 
301 0.192652 0.703869 0.0630422 0.00951521 0.00708629 0.00382534 0.016298 0.00161058 0.000932552 0.00116917 
302 0.209946 0.753842 0.0187408 0.00891558 0.00336231 0.00211124 0.00114943 0.000779287 0.000549136 0.000603513 
303 0.234387 0.733161 0.0250267 0.00268138 0.00199653 0.000991011 0.000721116 0.000443072 0.000262743 0.000329409 
304 0.0698625 0.752035 0.0814255 0.0594155 0.0146448 0.00919564 0.00500641 0.00339423 0.00239179 0.00262863 
305 0.124088 0.705946 0.0887227 0.0344209 0.0187717 0.0114059 0.00590099 0.00508199 0.0022668 0.00339516 
306 0.262453 0.702068 0.0233833 0.00573081 0.00261947 0.00150815 0.000801158 0.000522542 0.000450064 0.000463505 
307 0.25703 0.653786 0.0596061 0.012318 0.00724936 0.00391079 0.00257263 0.00116613 0.000989514 0.00137046 
308 0.118821 0.685868 0.106761 0.033989 0.0145361 0.0243354 0.00646793 0.00352831 0.00298208 0.00271122 
309 0.238919 0.670696 0.0561113 0.0168904 0.0143227 0.00123233 0.000654605 0.000426955 0.000367735 0.000378717 
310 0.126432 0.660678 0.11592 0.0455752 0.0275432 0.00907141 0.00609297 0.00332377 0.00280921 0.00255405 
311 0.207176 0.701148 0.0682878 0.00844475 0.00628908 0.00312169 0.00227152 0.00139568 0.00082764 0.00103764 
312 0.155359 0.657861 0.137737 0.0227898 0.0092858 0.00645286 0.00433418 0.00236433 0.0019983 0.0018168 
313 0.275341 0.71039 0.0111083 0.00114118 0.000849876 0.00042185 0.000306962 0.000188605 0.000111843 0.000140222 
314 0.124742 0.678518 0.10762 0.0593603 0.0106227 0.00727822 0.00488855 0.00266675 0.0022539 0.00204918 
315 0.322721 0.645805 0.0255586 0.00280267 0.00128106 0.000737564 0.000391807 0.00025555 0.000220104 0.000226677 
316 0.390397 0.545691 0.0454502 0.0109901 0.00314455 0.00156084 0.00113576 0.000697838 0.00041382 0.00051882 
317 0.1468 0.705331 0.074012 0.0244494 0.0143889 0.00776233 0.00510629 0.0023146 0.00196425 0.0178715 
318 0.118821 0.701253 0.106761 0.033989 0.0138573 0.00962965 0.00646792 0.00352831 0.00298208 0.00271122 
319 0.163209 0.739444 0.0542964 0.0179295 0.0105518 0.00569237 0.00374461 0.00169737 0.00144029 0.00199478 
320 0.0905845 0.642137 0.125852 0.0392672 0.058413 0.0178 0.0091986 0.00792192 0.00353354 0.00529245 
321 0.103579 0.697864 0.101311 0.0553266 0.0164754 0.0103451 0.00563221 0.00381851 0.00269076 0.00295721 
322 0.16936 0.745563 0.0333858 0.0356107 0.0141196 0.000789468 0.000419356 0.000273518 0.00023558 0.000242616 
323 0.0523974 0.317647 0.513697 0.0131321 0.0424258 0.0307928 0.0120225 0.00813574 0.00400984 0.00573952 
324 0.0869771 0.644288 0.107937 0.0469485 0.0473356 0.0270859 0.0198188 0.00982683 0.0039808 0.00580217 
325 0.139508 0.807121 0.0358223 0.00815236 0.0033237 0.00230969 0.00155135 0.000846275 0.000715259 0.000650293 
326 0.0931617 0.782955 0.0866281 0.015516 0.0091314 0.00492609 0.00324053 0.00146888 0.00124641 0.00172625 
327 0.158038 0.721181 0.0727716 0.0200971 0.0117243 0.00632486 0.00416068 0.00188597 0.00160033 0.00221642 
328 0.0967325 0.705907 0.0919994 0.0537678 0.0202773 0.0127324 0.00693195 0.0046997 0.00331171 0.00363965 
329 0.115274 0.680325 0.118549 0.0478408 0.0134469 0.0093422 0.00627485 0.00342299 0.00289306 0.00263029 
330 0.217993 0.730266 0.0375661 0.00511803 0.00381157 0.00189193 0.00137668 0.000845864 0.0005016 0.000628872 
331 0.759178 0.228714 0.0112154 0.000575205 0.000162218 6.21877e-05 4.18971e-05 2.09655e-05 1.67535e-05 1.27405e-05 
332 0.17071 0.689686 0.0699674 0.0230741 0.0278305 0.00731876 0.0048145 0.00218234 0.00185181 0.00256472 
333 0.0967325 0.690523 0.0919994 0.0537678 0.0202773 0.0127324 0.00693196 0.0046997 0.00870965 0.0136263 
334 0.289856 0.701713 0.00564597 0.00131947 0.000603109 0.000347238 0.000184459 0.00012031 0.000103623 0.000106718 
335 0.133258 0.733639 0.0973447 0.0166112 0.00677235 0.00470622 0.00316102 0.00172436 0.00145741 0.00132503 
336 0.144609 0.694803 0.0878326 0.026814 0.0263699 0.00764651 0.00503007 0.00228005 0.00193472 0.00267956 
337 0.235724 0.754179 0.00568009 0.00334748 0.000439864 0.000253249 0.00013453 8.77451e-05 7.55746e-05 7.78316e-05 
338 0.192756 0.7914 0.0149024 0.000446233 0.000203838 0.000117359 6.23432e-05 4.06623e-05 3.50224e-05 3.60683e-05 
339 0.250396 0.729905 0.0164571 0.00153589 0.000702018 0.000404185 0.00021471 0.000140041 0.000120617 0.000124219 
340 0.086287 0.794844 0.0726961 0.0214494 0.00874488 0.00607696 0.0040817 0.00222661 0.0018819 0.00171096 
341 0.15137 0.732206 0.0812008 0.0146697 0.00863332 0.0046574 0.00306377 0.00138876 0.00117842 0.00163209 
342 0.202968 0.667823 0.0754732 0.0296261 0.00858392 0.00590497 0.00396618 0.00216359 0.00182863 0.00166254 
343 0.197141 0.789188 0.00766308 0.0025018 0.00147235 0.000794284 0.000522504 0.000236843 0.000200971 0.000278341 
344 0.0810578 0.636857 0.120979 0.0637558 0.0389331 0.0230834 0.0136445 0.0108691 0.00440301 0.00641755 
345 0.251744 0.681403 0.0562648 0.00224719 0.00687316 0.000591396 0.000313904 0.000204739 0.000176341 0.000181607 
346 0.0596357 0.608551 0.118403 0.0638165 0.0534939 0.0430976 0.0252152 0.0107061 0.00794237 0.00913915 
347 0.204154 0.593975 0.14478 0.0376515 0.00687605 0.00477807 0.00320928 0.00175069 0.00147966 0.00134526 
348 0.0919308 0.640197 0.126443 0.0526053 0.0444307 0.0180596 0.00933589 0.00804016 0.00358628 0.00537144 
349 0.247676 0.691059 0.0357557 0.0194918 0.00248256 0.00142319 0.000756022 0.000493103 0.000424708 0.000437392 
350 0.229685 0.726433 0.037239 0.00314725 0.00143856 0.000828249 0.00043998 0.00028697 0.000247166 0.000254548 
351 0.125829 0.734434 0.0764311 0.0305349 0.0157418 0.00665342 0.00437682 0.00198394 0.00168346 0.00233156 
352 0.092465 0.704062 0.102761 0.0513957 0.0193828 0.0121707 0.00662613 0.00449236 0.00316561 0.00347907 
353 0.230011 0.757834 0.00358671 0.00804932 0.000237996 0.000113408 6.02442e-05 3.92933e-05 3.38432e-05 3.48539e-05 
354 0.178567 0.647789 0.147291 0.00951521 0.00708629 0.00351739 0.00255945 0.00157259 0.000932552 0.00116917 
355 0.111922 0.742534 0.0793096 0.0230769 0.0173025 0.0105132 0.00543917 0.00468427 0.0020894 0.00312945 
356 0.1468 0.690179 0.074013 0.0395999 0.0143889 0.0229138 0.00510629 0.0023146 0.00196404 0.00272016 
357 0.178581 0.703908 0.0770741 0.00951523 0.0211708 0.0035174 0.00255945 0.00157259 0.000932552 0.00116917 
358 0.223399 0.742147 0.0313282 0.00152116 0.000821904 0.000315085 0.000212279 0.000106225 8.48844e-05 6.45517e-05 
359 0.118213 0.792883 0.0616175 0.0113641 0.00668779 0.00360784 0.00237334 0.0010758 0.000912862 0.0012643 
360 0.0898329 0.684049 0.113998 0.064213 0.018829 0.011823 0.00643682 0.00436401 0.00307516 0.00337967 
361 0.101216 0.692834 0.0847447 0.074609 0.0183255 0.0114945 0.00625801 0.00424279 0.00298974 0.00328579 
362 0.200554 0.650556 0.123974 0.0104228 0.0060876 0.00328406 0.00216035 0.000979254 0.000830938 0.00115083 
363 0.307988 0.683311 0.00522624 0.000742626 0.0022506 0.000193947 0.000103028 6.71982e-05 5.78777e-05 5.96062e-05 
364 0.572439 0.407405 0.0132123 0.00289198 0.00170191 0.000918125 0.00060397 0.00027377 0.000232305 0.000321739 
365 0.235972 0.677005 0.0756141 0.00411946 0.00306785 0.00152277 0.00110806 0.000680818 0.000403727 0.000506166 
