2 0.448279 0.551533 6.84084e-05 0.000116077 2.06572e-06 5.47279e-07 3.55132e-07 1.87168e-07 0 1.52502e-07 
3 0.101802 0.891431 0.00490648 0.000930057 0.000427891 0.000149157 0.00014299 7.902e-05 6.07168e-05 7.14219e-05 
4 0.122574 0.596542 0.119102 0.0469581 0.0357069 0.0238783 0.0194942 0.0135135 0.00749469 0.0147364 
5 0.244641 0.60484 0.11887 0.0143033 0.00603439 0.00391909 0.00295624 0.00166291 0.00112239 0.00165047 
6 0.247049 0.606576 0.107123 0.0174387 0.0075887 0.00492855 0.0037177 0.00209124 0.00141148 0.00207559 
7 0.342922 0.628301 0.0277874 0.000685363 0.000251515 2.34355e-07 3.48904e-05 8.72353e-06 8.72364e-06 0 
8 0.0889475 0.910024 9.66662e-05 0.000370833 0.000560958 0 1.02803e-07 0 0 0 
9 0.474654 0.523795 0.000608588 0.000906683 2.18966e-05 5.72999e-06 3.78561e-06 1.39745e-06 8.3095e-07 1.42605e-06 
10 0.134579 0.531179 0.12516 0.0730778 0.0517166 0.0267545 0.0210895 0.0121915 0.00892753 0.0153239 
11 0.472886 0.526715 0.000313476 4.02538e-05 2.78058e-05 7.5517e-06 4.98916e-06 1.84174e-06 1.09513e-06 1.87943e-06 
12 0.246547 0.723158 0.02587 0.00221139 0.0010174 0.000354651 0.000339986 0.000187886 0.000144366 0.00016982 
13 0.210027 0.78981 0.000141987 1.09733e-05 6.07899e-06 1.61198e-06 1.04602e-06 5.51294e-07 2.12305e-07 4.49188e-07 
14 0.168418 0.782473 0.0325026 0.00737791 0.0032106 0.00208516 0.00157287 0.000884756 0.000597167 0.000878133 
15 0.708297 0.291694 3.05516e-06 4.3698e-06 1.60364e-06 0 2.22458e-07 0 0 0 
16 0.212911 0.638033 0.0871477 0.0263959 0.0126123 0.00707756 0.00621543 0.00374478 0.00250478 0.00335735 
17 0.164441 0.441187 0.116389 0.0782945 0.0640655 0.0505784 0.0254695 0.0273792 0.012113 0.020083 
18 0.0667405 0.931063 0.00101042 1.37708e-05 0.00117112 0 6.11533e-07 1.52899e-07 1.52901e-07 0 
19 0.224411 0.567587 0.102657 0.0224041 0.0691987 0.00533691 0.00336121 0.00189071 0.00127614 0.00187656 
20 0.597291 0.401265 5.43957e-05 0.00136033 6.00098e-07 0 2.82934e-05 0 0 0 
21 0.525909 0.472552 0.0014935 3.11083e-05 8.71376e-06 2.29396e-06 1.48856e-06 7.84528e-07 3.02125e-07 6.39224e-07 
22 0.227234 0.461361 0.218991 0.0325622 0.0228336 0.0117503 0.00926229 0.00535439 0.00392087 0.00673009 
23 0.111879 0.445763 0.149457 0.0977346 0.053435 0.0488304 0.0349542 0.0201031 0.0138596 0.0239842 
24 0.259191 0.737519 0.00105813 0.00200553 0.000225488 0 8.74592e-07 2.18671e-07 2.18674e-07 0 
25 0.156969 0.585486 0.103235 0.0468809 0.0341834 0.0327706 0.014937 0.00902232 0.00635817 0.010158 
26 0.264519 0.595471 0.106399 0.0168533 0.0132917 0.00102702 0.000984543 0.000544086 0.000418061 0.000491769 
27 0.347937 0.646467 0.00326716 0.000992998 0.000474465 0.000266253 0.00023382 0.000140876 9.42281e-05 0.000126301 
28 0.292682 0.692931 0.0129821 0.00070202 0.000322872 0.000112549 0.000107895 5.96258e-05 4.58149e-05 5.38925e-05 
29 0.544778 0.452297 0.000626083 0.000121281 0.00179295 0.000258764 0.000123693 1.22525e-06 4.07345e-07 8.61846e-07 
30 0.219005 0.627131 0.0746659 0.0273219 0.0282712 0.00729533 0.00640667 0.00386 0.00258185 0.00346065 
31 0.170921 0.596209 0.119123 0.050048 0.0206442 0.0151749 0.0113327 0.00485889 0.00439593 0.00729134 
32 0.215203 0.757669 0.0206626 0.0018218 0.00367002 0.000294453 0.00027396 0.000151398 0.00011633 0.00013684 
33 0.0796542 0.919968 0.000295974 3.87623e-05 2.67755e-05 7.27189e-06 4.80429e-06 1.77349e-06 1.05455e-06 1.8098e-06 
34 0.235806 0.633767 0.0633767 0.0355507 0.0137297 0.00131522 0.00130306 0.0139622 0.000559869 0.000629465 
35 0.250236 0.693599 0.0371707 0.0113769 0.00265006 0.00172108 0.00129824 0.000730275 0.0004929 0.000724808 
36 0.605735 0.394224 3.59433e-05 2.48446e-06 1.37517e-06 3.64658e-07 2.36628e-07 1.24712e-07 0 1.01614e-07 
37 0.250963 0.709133 0.0309241 0.00448736 0.0020645 0.000719656 0.000689899 0.000381257 0.000292948 0.000344598 
38 0.341933 0.657849 6.78391e-05 0.000146639 2.41854e-06 6.27701e-07 4.07159e-07 2.14589e-07 0 1.74844e-07 
39 0.241099 0.751723 0.00646002 0.000338386 0.000233744 6.3482e-05 4.19404e-05 1.54822e-05 9.20601e-06 1.57991e-05 
40 0.261774 0.67191 0.0586444 0.00448161 0.00183694 0.000470982 0.00035254 0.000198307 0.000133848 0.000196823 
41 0.206168 0.686942 0.0666202 0.0171702 0.0082041 0.00460385 0.00404305 0.00243592 0.00162932 0.0021839 
42 0.131996 0.624046 0.102494 0.0531423 0.0267638 0.0195398 0.0154025 0.00890393 0.0065201 0.0111916 
43 0.26052 0.738554 7.89417e-05 0.000845903 1.50676e-06 0 2.00166e-07 0 0 0 
44 0.409224 0.503865 0.0790851 0.00232045 0.00433792 0.000345956 0.000331636 0.000183271 0.00014082 0.000165649 
45 0.161671 0.467759 0.228499 0.0382879 0.0369112 0.0218831 0.0158768 0.0110058 0.00610393 0.0120018 
46 0.167582 0.813036 0.0150504 0.00216467 0.000995902 0.000347158 0.000332803 0.000183916 0.000141316 0.000166232 
47 0.338301 0.638373 0.0106252 0.00428589 0.00288942 0.00184688 0.00134374 0.000824825 0.000581267 0.000928649 
48 0.284054 0.714078 0.000433237 0.00139294 2.54732e-05 6.91712e-06 4.56991e-06 1.68697e-06 1.0031e-06 1.7215e-06 
49 0.302113 0.687508 0.00942547 0.000449338 0.000310231 8.42549e-05 5.56644e-05 2.05484e-05 1.22184e-05 2.0969e-05 
50 0.152413 0.612841 0.133659 0.0443712 0.0183811 0.0135119 0.0100907 0.00432641 0.00391418 0.00649229 
51 0.215687 0.63278 0.0741457 0.0413373 0.0128034 0.0071848 0.0063096 0.00380152 0.00254273 0.00340821 
52 0.250704 0.616957 0.0968509 0.0157665 0.00686101 0.00445595 0.00336121 0.00189071 0.00127614 0.00187656 
53 0.152559 0.526288 0.133308 0.0857589 0.0309348 0.0225849 0.0178028 0.0102916 0.00753622 0.0129358 
54 0.167174 0.803802 0.0192109 0.00435967 0.00189717 0.00123214 0.000929424 0.00052281 0.000352871 0.000518896 
55 0.178984 0.760856 0.0296533 0.0102948 0.00694047 0.00443626 0.00322771 0.00198125 0.00139622 0.00223064 
56 0.470678 0.528572 2.45511e-05 3.58741e-05 0.000687278 0 1.7681e-06 4.42071e-07 4.42076e-07 0 
57 0.425712 0.522634 0.0392579 0.00738017 0.00174514 0.0011334 0.000854941 0.000480913 0.000324592 0.000477312 
58 0.41774 0.571988 0.00824616 0.00146518 0.000257592 8.97931e-05 8.60803e-05 4.75703e-05 3.65518e-05 4.29962e-05 
59 0.795193 0.20305 0.0017228 1.80596e-05 9.99952e-06 2.6516e-06 1.72064e-06 9.06841e-07 3.49228e-07 7.38883e-07 
60 0.589806 0.409568 0.000432801 0.000180656 7.85553e-06 2.13346e-06 1.4095e-06 5.20316e-07 3.09389e-07 5.30966e-07 
61 0.290013 0.618904 0.0455859 0.00866129 0.0182156 0.01532 0.00133425 0.000735665 0.000565265 0.000664927 
62 0.5059 0.385213 0.103969 0.00411472 0.000513751 0.000126217 8.33874e-05 3.07823e-05 1.83037e-05 3.14124e-05 
63 0.332957 0.501388 0.116969 0.0168052 0.0079719 0.00447355 0.00414987 0.0115797 0.00158321 0.0021221 
64 0.460474 0.539442 7.27543e-05 5.6536e-06 3.13199e-06 8.30518e-07 5.38928e-07 2.84036e-07 1.09383e-07 2.31429e-07 
65 0.363879 0.629099 0.00464994 0.00105399 0.000458658 0.00029788 0.000224696 0.000126394 8.53095e-05 0.000125447 
66 0.223234 0.671147 0.074026 0.014036 0.00610798 0.00396688 0.00299229 0.00168319 0.00113607 0.00167059 
67 0.13318 0.686115 0.081348 0.0343252 0.0223302 0.0142732 0.0103848 0.00637446 0.00449218 0.00717684 
68 0.225461 0.759512 0.0117197 0.0016526 0.000760312 0.000265035 0.000254076 0.000140409 0.000107887 0.000126908 
69 0.0784501 0.770267 0.0593827 0.0345231 0.0173867 0.0126937 0.010006 0.00578431 0.00423569 0.00727046 
70 0.300429 0.688557 0.00741643 0.00159855 0.000695631 0.000451784 0.000340789 0.000191697 0.000129386 0.000190262 
71 0.56414 0.435436 0.000332077 4.34039e-05 2.99793e-05 8.14201e-06 5.37915e-06 1.9857e-06 1.18074e-06 2.02635e-06 
72 0.0941688 0.845656 0.0496744 0.00447738 0.0021393 0.0012005 0.00105426 0.000635191 0.000424861 0.000569474 
73 0.238774 0.688845 0.0624564 0.00445136 0.00190439 0.00123682 0.000932958 0.000524798 0.000354213 0.000520869 
74 0.174076 0.808802 0.0135307 0.000989965 0.00046179 0.00176271 0.000152218 8.41099e-05 6.46277e-05 7.60223e-05 
75 0.368727 0.571835 0.00873999 0.0377265 0.000382584 0.012447 6.5809e-05 3.46839e-05 1.33569e-05 2.826e-05 
76 0.15914 0.774141 0.0441922 0.0100083 0.00435525 0.00282856 0.00213364 0.00120019 0.00081007 0.00119121 
77 0.266532 0.650636 0.0490394 0.00931466 0.00428652 0.0166442 0.00143207 0.000791397 0.000608088 0.000715301 
78 0.306832 0.685999 0.00656191 0.000285937 0.000197514 5.36423e-05 3.54397e-05 1.30825e-05 7.77908e-06 1.33503e-05 
79 0.172828 0.646194 0.0771825 0.035026 0.0236136 0.0150935 0.0109816 0.00674081 0.00475035 0.00758931 
80 0.583652 0.412938 0.0031427 0.000142148 7.70034e-05 2.09132e-05 1.38166e-05 5.10038e-06 3.03278e-06 5.20478e-06 
81 0.164441 0.441187 0.116389 0.0825669 0.0729401 0.0381564 0.0247446 0.0273792 0.012113 0.020083 
82 0.247736 0.628355 0.0782161 0.0173248 0.0174506 0.00378352 0.00285312 0.00160491 0.00108323 0.00159289 
83 0.374901 0.598254 0.0255287 0.00069037 0.000382451 0.000101415 6.5809e-05 3.46839e-05 1.33569e-05 2.826e-05 
84 0.434744 0.525619 0.0381355 0.000787601 0.000436317 0.000115699 7.50779e-05 3.95689e-05 1.52381e-05 3.22403e-05 
85 0.279245 0.545178 0.091049 0.040482 0.0142747 0.0104933 0.00783641 0.00335987 0.00303974 0.00504188 
86 0.224047 0.614186 0.086064 0.0407129 0.0124268 0.00697348 0.00612402 0.00368971 0.00246794 0.00330797 
87 0.145757 0.61509 0.11015 0.0435323 0.0293483 0.0187591 0.0136486 0.00837787 0.00590401 0.00943242 
88 0.126316 0.697403 0.0902798 0.0290216 0.0195655 0.012506 0.00909907 0.00558525 0.00393601 0.00628828 
89 0.179356 0.716466 0.0609717 0.0184222 0.00880231 0.00493955 0.00433785 0.00261354 0.00174813 0.00234315 
90 0.254673 0.623537 0.0912015 0.0221197 0.00391097 0.00135059 0.00129474 0.00071551 0.000549779 0.00064671 
91 0.239137 0.653594 0.0629403 0.0165691 0.0161693 0.00401586 0.00302924 0.00170397 0.0011501 0.00169122 
92 0.282411 0.649253 0.040465 0.020177 0.00353545 0.00123241 0.00118145 0.000652903 0.000501673 0.000590123 
93 0.250849 0.615908 0.0780021 0.017707 0.02309 0.00500439 0.00377489 0.00212341 0.0014332 0.00210752 
94 0.0883486 0.816511 0.079369 0.00672445 0.00321301 0.00180303 0.0015834 0.000953993 0.0006381 0.000855294 
95 0.85614 0.14248 0.00105648 0.000315578 4.83947e-06 1.28213e-06 8.31983e-07 4.38487e-07 1.68863e-07 3.57274e-07 
96 0.161692 0.498952 0.136441 0.103411 0.0301534 0.0220131 0.0173521 0.010031 0.00734543 0.0126083 
97 0.225281 0.610053 0.0751961 0.0305662 0.0183172 0.0122493 0.0100003 0.00693223 0.00384468 0.00755958 
98 0.168332 0.602327 0.117319 0.037666 0.0319529 0.0149472 0.011161 0.00478527 0.00432932 0.00718086 
99 0.154304 0.649356 0.107542 0.0312941 0.0186364 0.0136995 0.0102309 0.0043865 0.00396854 0.00658246 
100 0.341005 0.641504 0.011604 0.0026158 0.0011383 0.000739283 0.000557655 0.000313686 0.000211723 0.000311338 
101 0.118205 0.540413 0.12937 0.0724566 0.0433976 0.0290214 0.023693 0.0164241 0.00910894 0.0179104 
102 0.206309 0.663239 0.0703374 0.0256308 0.0122467 0.00687241 0.00603527 0.00363623 0.00243218 0.00326003 
103 0.147596 0.592488 0.127936 0.0400995 0.0270625 0.0304048 0.0125711 0.00771646 0.00543791 0.00868776 
104 0.183836 0.75878 0.0420547 0.00681038 0.00296363 0.00192476 0.00145188 0.000816698 0.000551231 0.000810584 
105 0.444763 0.534099 0.0176803 0.00153666 0.000668697 0.000434292 0.000327594 0.000184275 0.000124377 0.000182895 
106 0.164441 0.456572 0.116389 0.0782945 0.0628656 0.0371186 0.0247446 0.0273792 0.012113 0.020083 
107 0.214342 0.775967 0.00756244 0.00100329 0.00069303 0.000188219 0.00012435 4.59034e-05 2.7295e-05 4.6843e-05 
108 0.471213 0.509531 0.0145461 0.00209265 0.000910644 0.000591427 0.000446124 0.000250949 0.000169378 0.00024907 
109 0.336823 0.63383 0.0226995 0.0028343 0.0013542 0.00075993 0.000667362 0.000402084 0.000268943 0.000360484 
110 0.209127 0.522368 0.225743 0.0182323 0.00871157 0.00488862 0.00429313 0.0025866 0.00173011 0.00231899 
111 0.134496 0.498673 0.106708 0.0771833 0.0738514 0.0309317 0.023776 0.020488 0.0102996 0.0235923 
112 0.127389 0.483207 0.113282 0.0973073 0.0630151 0.0328352 0.0252391 0.0217488 0.0109334 0.0250442 
113 0.28743 0.678782 0.0197745 0.00597516 0.0028548 0.00160202 0.00140687 0.000847636 0.00056696 0.00075994 
114 0.243361 0.627374 0.0756737 0.0171784 0.00747543 0.00485499 0.00369017 0.0169574 0.00139042 0.00204461 
115 0.403722 0.575879 0.0203835 8.17667e-06 4.50858e-06 1.19555e-06 7.758e-07 4.08876e-07 1.5746e-07 3.33148e-07 
116 0.381762 0.403978 0.209491 0.00212817 0.000918998 0.000596852 0.000450217 0.000253251 0.000170932 0.000251355 
117 0.116414 0.547376 0.12741 0.0562074 0.0427401 0.0285816 0.023334 0.0223935 0.0179009 0.0176423 
118 0.209133 0.526277 0.108666 0.0499124 0.0297852 0.030291 0.016211 0.0112375 0.00623243 0.0122545 
119 0.15459 0.57884 0.114539 0.0613805 0.031127 0.019896 0.0144758 0.00888562 0.00626183 0.0100041 
120 0.350477 0.622553 0.0157899 0.00476693 0.00227769 0.00127816 0.00112246 0.000676281 0.000452346 0.000606313 
121 0.230737 0.493945 0.144308 0.0943507 0.0118937 0.0087289 0.00651879 0.00279494 0.00252863 0.00419413 
122 0.249338 0.744271 0.00580909 0.000290405 0.000133602 4.65719e-05 4.46462e-05 2.46727e-05 1.89579e-05 2.23003e-05 
123 0.269437 0.651334 0.0613993 0.00890968 0.00409908 0.00142888 0.0013698 0.000756989 0.00058165 0.000684201 
124 0.575353 0.424111 0.000459156 3.63248e-05 2.50917e-05 6.8146e-06 4.50218e-06 1.66197e-06 9.88238e-07 1.69599e-06 
125 0.203363 0.610906 0.0694984 0.082239 0.0120745 0.00677424 0.00594905 0.00358429 0.00239743 0.00321346 
126 0.180923 0.617276 0.0860293 0.0390675 0.0263382 0.016835 0.0122488 0.0075186 0.00529847 0.008465 
127 0.23536 0.623255 0.063454 0.0226201 0.0172003 0.0115024 0.00939052 0.00650953 0.00361025 0.00709863 
128 0.134579 0.531179 0.12516 0.072764 0.0366458 0.0267544 0.0210895 0.0122602 0.0242434 0.0153239 
129 0.17716 0.618293 0.104636 0.0439607 0.0181336 0.0133293 0.00995436 0.00426794 0.00386129 0.00640455 
130 0.165445 0.500277 0.128767 0.0806636 0.0336058 0.038511 0.0193666 0.0111613 0.00817309 0.0140289 
131 0.2097 0.628767 0.0875978 0.022759 0.0231908 0.00986373 0.00736623 0.00315828 0.00285735 0.00473937 
132 0.431309 0.567464 0.000460627 0.000715638 3.11399e-05 8.45648e-06 5.58691e-06 2.0624e-06 1.22634e-06 2.10461e-06 
133 0.174135 0.611994 0.098377 0.0526067 0.0190585 0.0139123 0.0109665 0.0063396 0.00464231 0.00796843 
134 0.193286 0.58567 0.119757 0.030872 0.0185512 0.0270404 0.0100907 0.00432641 0.00391418 0.00649229 
135 0.143887 0.587139 0.26262 0.00175179 0.00365458 0.000280891 0.000269277 0.00014881 0.000114341 0.000134501 
136 0.161013 0.590629 0.112221 0.0342104 0.0613688 0.0142955 0.0106757 0.00457722 0.00414109 0.00686865 
137 0.344736 0.359512 0.292704 0.00279961 0.000160654 3.79994e-05 2.51048e-05 9.26739e-06 5.51056e-06 9.45708e-06 
138 0.233623 0.764516 0.00112905 0.000698781 2.05156e-05 5.44016e-06 3.53015e-06 1.86052e-06 7.16495e-07 1.51593e-06 
139 0.307938 0.457256 0.212442 0.00939974 0.00679181 0.00234941 0.00155406 0.000666304 0.000602817 0.000999867 
140 0.118261 0.546404 0.138169 0.0774277 0.0321894 0.0369935 0.0185446 0.0107088 0.00784174 0.0134602 
141 0.361309 0.633967 0.00247898 0.00120224 0.000970555 3.17422e-05 2.09495e-05 7.73348e-06 4.59847e-06 7.89177e-06 
142 0.253633 0.714135 0.0174175 0.00631617 0.00301794 0.00169356 0.00148726 0.000896072 0.000599358 0.000803365 
143 0.130562 0.515398 0.166124 0.0705937 0.0355519 0.0259558 0.02046 0.0118276 0.00866103 0.0148665 
144 0.230839 0.617629 0.0735346 0.0267959 0.0128034 0.00718506 0.0214608 0.00380152 0.00254273 0.00340821 
145 0.246437 0.744834 0.00579269 0.00130494 0.000567862 0.000368803 0.000278195 0.000156487 0.000105621 0.000155316 
146 0.150044 0.603773 0.0987897 0.0594092 0.0302115 0.0193108 0.01405 0.00862428 0.00607766 0.00970985 
147 0.171899 0.591468 0.114397 0.045919 0.023126 0.0168839 0.0133089 0.00769369 0.00563388 0.00967042 
148 0.137333 0.743748 0.110504 0.00374027 0.00162615 0.00105612 0.000796649 0.000448123 0.000302461 0.000444768 
149 0.135776 0.626914 0.0917504 0.0669524 0.0238211 0.0173904 0.0137082 0.0079245 0.00580289 0.00996053 
150 0.340195 0.633208 0.0221707 0.00221139 0.0010174 0.000354651 0.000339986 0.000187886 0.000144366 0.00016982 
151 0.138333 0.516497 0.148301 0.0530061 0.054573 0.0269484 0.0220006 0.0152509 0.0084583 0.0166311 
152 0.334843 0.629997 0.0283496 0.00304234 0.00131114 0.00085153 0.000642325 0.000361314 0.000243869 0.000358609 
153 0.203666 0.742239 0.0230631 0.0104717 0.00705973 0.00451249 0.00328317 0.00201529 0.00142021 0.00226897 
154 0.176919 0.606778 0.10439 0.0433756 0.0198276 0.0245482 0.00982164 0.00421104 0.0038098 0.00631916 
155 0.184892 0.669548 0.08032 0.0229916 0.013692 0.010065 0.00751656 0.00322273 0.00291567 0.00483609 
156 0.128642 0.524406 0.132509 0.0841392 0.0352119 0.0400971 0.0201591 0.0116537 0.00853366 0.0146478 
157 0.110184 0.45416 0.162344 0.0962538 0.0523241 0.0362568 0.0314082 0.0197985 0.0136496 0.0236208 
158 0.110184 0.454161 0.147192 0.0962538 0.0674755 0.0362568 0.0314082 0.0197985 0.0136496 0.0236208 
159 0.136349 0.440808 0.142863 0.0934228 0.065491 0.0351904 0.0304844 0.0192162 0.0132481 0.022926 
160 0.142884 0.69675 0.119055 0.0145992 0.0086569 0.00636365 0.0047524 0.0020376 0.00184345 0.00305766 
161 0.544859 0.443673 0.00242385 0.00602515 0.00293417 8.13147e-05 1.54285e-06 8.13139e-07 3.13143e-07 6.62536e-07 
162 0.18059 0.773736 0.0226931 0.0123594 0.00377248 0.00211695 0.00185908 0.00112009 0.000749198 0.00100421 
163 0.3196 0.523795 0.113244 0.0153748 0.0152008 0.00395178 0.00347028 0.00209084 0.0013985 0.00187452 
164 0.123558 0.603732 0.093543 0.0888149 0.027379 0.0199889 0.0157565 0.00910862 0.00666999 0.0114489 
165 0.233678 0.599035 0.0711784 0.0361043 0.018183 0.0132751 0.0104643 0.00604924 0.00442969 0.00760346 
166 0.180745 0.593335 0.11557 0.0336295 0.0200272 0.0147219 0.0113388 0.0192948 0.00426471 0.00707369 
167 0.108535 0.651838 0.102365 0.057862 0.0240604 0.017566 0.0138466 0.00800454 0.00586151 0.0100611 
168 0.181673 0.811118 0.00628552 0.000461558 0.000212339 7.40186e-05 7.0958e-05 3.92134e-05 3.01305e-05 3.54428e-05 
169 0.506548 0.463213 0.0223162 0.00351973 0.00153166 0.000994754 0.000750361 0.000422085 0.000284887 0.000418926 
170 0.26614 0.698358 0.0250561 0.00464112 0.00201957 0.00131163 0.000989387 0.00055654 0.000375637 0.000552374 
171 0.294706 0.695705 0.00759221 0.00107061 0.000329915 0.000184297 0.000161848 9.75127e-05 6.52236e-05 8.74241e-05 
172 0.241679 0.745649 0.00832424 0.00313553 0.000556766 0.00019408 0.000186055 0.000102819 7.90036e-05 9.29328e-05 
173 0.200397 0.590272 0.127953 0.0248914 0.014755 0.0218185 0.00809476 0.00347064 0.00313995 0.0052081 
174 0.214478 0.53665 0.0831498 0.0494133 0.0396725 0.0234243 0.0156155 0.0172781 0.00764411 0.0126737 
175 0.308935 0.441457 0.20824 0.0251602 0.00685729 0.00543504 0.00154034 0.000925831 0.000619263 0.000830045 
176 0.174328 0.572269 0.1244 0.0435323 0.0293483 0.0187591 0.0136486 0.00837787 0.00590401 0.00943242 
177 0.196789 0.77243 0.0169723 0.00486647 0.0028981 0.00213038 0.00159098 0.000682134 0.000617139 0.00102362 
178 0.294031 0.705924 1.4626e-05 2.08952e-05 7.66815e-06 0 1.06373e-06 2.65961e-07 2.65965e-07 0 
179 0.12848 0.868418 0.00232278 0.000535845 0.000111841 3.89848e-05 3.73728e-05 2.06532e-05 1.58694e-05 1.86673e-05 
180 0.212468 0.608488 0.102266 0.0412665 0.0126123 0.00707756 0.00621543 0.00374478 0.00250478 0.00335735 
181 0.48624 0.435997 0.0588429 0.00720058 0.00633555 0.00166386 0.00146117 0.000880352 0.000588843 0.000789271 
182 0.18692 0.785171 0.0211096 0.00302087 0.00131458 0.000853765 0.000644011 0.000362262 0.000244509 0.00035955 
183 0.233998 0.762721 0.000674231 0.00251052 5.98477e-05 1.58159e-05 1.0449e-05 3.85723e-06 2.29358e-06 3.93619e-06 
184 0.157514 0.705267 0.0632008 0.0249776 0.0168392 0.0107634 0.00783117 0.00480697 0.00338755 0.00541205 
185 0.116647 0.580344 0.121806 0.0763955 0.0317597 0.0231872 0.0182776 0.010566 0.00773719 0.0132807 
186 0.146682 0.477442 0.108614 0.0869335 0.058514 0.0304898 0.0234363 0.0202065 0.024427 0.0232553 
187 0.538876 0.446879 0.0119184 0.00116252 0.000534662 0.000186376 0.000178669 9.87377e-05 7.58674e-05 8.92436e-05 
188 0.548118 0.445096 0.00521308 0.000786188 0.000361683 0.000126078 0.000120865 6.67931e-05 5.13221e-05 6.03707e-05 
189 0.246007 0.725689 0.0232188 0.000773063 0.00370716 2.08143e-05 0.000572707 4.42224e-06 2.62955e-06 4.51276e-06 
190 0.170921 0.596209 0.119123 0.0346642 0.0206434 0.0151749 0.0113327 0.00485889 0.00440285 0.022669 
191 0.304994 0.584084 0.0912264 0.00878919 0.00379435 0.00246428 0.00185885 0.00104562 0.000705742 0.00103779 
192 0.603863 0.393178 0.0025583 0.000189153 0.00013066 3.54855e-05 2.34441e-05 8.65434e-06 5.14603e-06 8.83148e-06 
193 0.286146 0.549944 0.143464 0.0065846 0.0030657 0.00730963 0.0013946 0.000784215 0.000529307 0.000778345 
194 0.242932 0.7455 0.00626395 0.00226155 0.00108059 0.000606389 0.000532524 0.000320844 0.000214604 0.00028765 
195 0.221382 0.48499 0.134544 0.0693607 0.0337616 0.0178026 0.0139879 0.00808622 0.00592132 0.0101638 
196 0.226093 0.77234 0.00122411 0.000161698 0.000111695 3.03349e-05 2.00413e-05 7.39819e-06 4.3991e-06 7.54962e-06 
197 0.399035 0.46922 0.126674 0.000657735 0.0041381 0.000119649 7.90475e-05 2.91802e-05 1.73511e-05 2.97775e-05 
198 0.116003 0.405204 0.116929 0.154017 0.104004 0.0363923 0.0205489 0.0176709 0.00888341 0.0203484 
199 0.133706 0.831457 0.0244325 0.0046223 0.00201146 0.00130636 0.000985414 0.000554305 0.000374128 0.000550155 
200 0.387109 0.58775 0.0195746 0.00278176 0.0012798 0.000446122 0.000427675 0.000236345 0.000181601 0.000213619 
201 0.242704 0.589728 0.152923 0.0050448 0.00519379 0.00157087 0.00115277 0.000494253 0.00044716 0.000741686 
202 0.332119 0.56083 0.0749351 0.0198069 0.00439947 0.00244431 0.00214657 0.0012933 0.000865053 0.0011595 
203 0.228322 0.64378 0.0733694 0.0289452 0.00908626 0.00509889 0.00447778 0.00269785 0.00180452 0.00241873 
204 0.356464 0.64022 0.00256085 0.000480928 0.000131485 4.23145e-05 4.05648e-05 2.24172e-05 1.72248e-05 2.02617e-05 
205 0.167139 0.617238 0.0919215 0.0417433 0.0281422 0.0179881 0.0130877 0.00803357 0.00566138 0.00904479 
206 0.211114 0.737333 0.0400546 0.00574549 0.00264333 0.000921429 0.000883329 0.000488152 0.000375083 0.000441214 
207 0.141271 0.529371 0.117905 0.0830385 0.0345214 0.0252672 0.0342959 0.0114848 0.00840999 0.0144356 
208 0.250496 0.748673 0.000166654 0.000653609 6.74773e-06 1.78929e-06 1.16108e-06 6.11933e-07 2.35658e-07 4.98596e-07 
209 0.182728 0.678006 0.0864267 0.0186213 0.0110894 0.00815179 0.00608779 0.00261015 0.00236145 0.00391684 
210 0.241855 0.528714 0.188247 0.0110839 0.00659808 0.0146062 0.00362324 0.00154818 0.00140066 0.00232322 
211 0.37328 0.52911 0.0395639 0.0226194 0.0148227 0.00385526 0.00361401 0.00994155 0.00136439 0.0018288 
212 0.146874 0.505821 0.105184 0.0760774 0.058514 0.0304898 0.0234363 0.0201953 0.0101525 0.0232553 
213 0.241294 0.589887 0.0549038 0.0870242 0.0096514 0.00532805 0.00467903 0.0028191 0.00188562 0.00252744 
214 0.140335 0.538069 0.121874 0.0537677 0.0553703 0.0273391 0.0223195 0.0154719 0.00858088 0.0168721 
215 0.169945 0.603742 0.154383 0.025409 0.0150766 0.0110828 0.00827666 0.00354863 0.00321051 0.00532513 
216 0.448991 0.507687 0.0358466 0.00449609 0.00103972 0.000672075 0.000506959 0.000285169 0.000192475 0.000283034 
217 0.108539 0.447382 0.145 0.111202 0.0650048 0.0357156 0.0309394 0.019503 0.0134459 0.0232682 
218 0.175505 0.578834 0.0825687 0.0753638 0.0334841 0.0172182 0.0135725 0.00784604 0.00574544 0.00986191 
219 0.138032 0.537353 0.130468 0.0675666 0.0340284 0.0391289 0.0195831 0.0113207 0.00828984 0.0142293 
220 0.143348 0.524193 0.132602 0.0695538 0.0350291 0.0255764 0.0348626 0.0116537 0.00853366 0.0146478 
221 0.370305 0.597377 0.0226516 0.0042946 0.00186886 0.00121375 0.000915552 0.000515007 0.000347604 0.000511152 
222 0.183483 0.587176 0.117319 0.034139 0.0203306 0.0149449 0.011161 0.00478537 0.0194806 0.00718105 
223 0.254602 0.661275 0.0453583 0.0165283 0.0078974 0.00443174 0.0038919 0.00234486 0.00156841 0.00210226 
224 0.341021 0.542584 0.0731518 0.0258975 0.00603439 0.00391909 0.00295624 0.00166291 0.00112239 0.00165047 
225 0.527668 0.411504 0.0389355 0.00987534 0.00426779 0.00239493 0.0021032 0.00126717 0.000847577 0.00113607 
226 0.215763 0.778447 0.00420082 0.000794273 0.000365421 0.000127381 0.000122114 6.74835e-05 5.18525e-05 6.09946e-05 
227 0.130562 0.530248 0.12592 0.0959465 0.0355519 0.0259558 0.02046 0.0118276 0.00866103 0.0148665 
228 0.34458 0.621359 0.0339018 8.35691e-05 4.62366e-05 1.22607e-05 7.95602e-06 4.19313e-06 1.61479e-06 3.41651e-06 
229 0.250367 0.608318 0.0852322 0.0197647 0.0117704 0.00865234 0.0064616 0.00277042 0.00250645 0.00415734 
230 0.132967 0.549358 0.115588 0.0766375 0.0398295 0.0258409 0.0210965 0.0146242 0.0081107 0.0159476 
231 0.160577 0.801686 0.0326178 0.00369828 0.000653216 0.000227697 0.000218282 0.000120629 9.26878e-05 0.00010903 
232 0.238362 0.543874 0.171892 0.023243 0.00733657 0.00538998 0.00402526 0.00172584 0.00156139 0.00258982 
233 0.291044 0.483199 0.0828662 0.0599865 0.0419139 0.0137463 0.00995211 0.00610886 0.00430501 0.00687781 
234 0.252553 0.633798 0.0665137 0.0200978 0.00960252 0.0053886 0.0047322 0.00285114 0.00190705 0.00255616 
235 0.187307 0.681098 0.0639138 0.0363736 0.0111187 0.00623943 0.00547939 0.00330132 0.00220816 0.00295977 
236 0.118205 0.540413 0.12937 0.0576345 0.0582198 0.0290214 0.023693 0.0164241 0.00910894 0.0179104 
237 0.299691 0.689205 0.00808199 0.00151049 0.000694929 0.000242243 0.000232226 0.000128335 9.86089e-05 0.000115995 
238 0.134579 0.546564 0.12516 0.072764 0.0366458 0.0267544 0.0210895 0.0121915 0.00892753 0.0153239 
239 0.115876 0.650057 0.119494 0.0431128 0.0216543 0.0158094 0.012462 0.00720409 0.00527536 0.00905503 
240 0.299464 0.656073 0.0360793 0.00372478 0.00162089 0.0010527 0.000794071 0.000446673 0.000301482 0.000443329 
241 0.219445 0.628283 0.10901 0.0253264 0.00662371 0.00391909 0.00295624 0.00166291 0.00112239 0.00165047 
242 0.398982 0.592925 0.00402048 0.00103308 0.00281787 9.60803e-05 6.3474e-05 2.34313e-05 1.39327e-05 2.39109e-05 
243 0.15459 0.591766 0.101671 0.0465302 0.0459189 0.019896 0.0144758 0.00888562 0.00626183 0.0100041 
244 0.228477 0.696417 0.0497074 0.0112839 0.00491033 0.00318906 0.00240557 0.00135316 0.000913314 0.00134303 
245 0.191596 0.46222 0.25936 0.0307354 0.02842 0.00924969 0.00672819 0.00412994 0.00291043 0.00464979 
246 0.377373 0.592958 0.0243278 0.00237311 0.00103269 0.00067069 0.000505914 0.000284581 0.000192078 0.000282451 
247 0.215224 0.782679 0.00202046 5.33772e-05 1.95884e-05 0 2.71732e-06 6.79403e-07 6.79411e-07 0 
248 0.136945 0.841337 0.0149683 0.00216354 0.000941455 0.000617097 0.00233368 0.000261015 0.000175109 0.000257497 
249 0.205558 0.725972 0.0411482 0.00962895 0.00573427 0.00421524 0.00314796 0.00134969 0.00122109 0.00202537 
250 0.158713 0.625052 0.110643 0.0464451 0.0191689 0.0140909 0.0105232 0.00451183 0.00408193 0.00677053 
251 0.364478 0.62785 0.00598685 0.000794268 0.000548649 0.000149006 9.84435e-05 3.63402e-05 2.16085e-05 3.7084e-05 
252 0.193886 0.623736 0.105348 0.0271467 0.0161665 0.0118839 0.00887497 0.00380516 0.00344259 0.00571008 
253 0.143348 0.52245 0.134344 0.0695538 0.0350291 0.0255741 0.0207005 0.0258182 0.00853367 0.0146478 
254 0.215687 0.617977 0.0844296 0.0458557 0.0128034 0.0071848 0.0063096 0.00380152 0.00254273 0.00340821 
255 0.33432 0.553685 0.0733221 0.0195933 0.0061835 0.00454547 0.00339457 0.00145543 0.00131675 0.00218404 
256 0.165225 0.816204 0.0103944 0.0028813 0.00171588 0.00126134 0.000941973 0.000403872 0.00036539 0.000606058 
257 0.196089 0.695689 0.0636215 0.0190164 0.00908626 0.00509889 0.00447778 0.00269785 0.00180452 0.00241873 
258 0.133834 0.530196 0.14457 0.0515235 0.0391784 0.0262058 0.0352723 0.0148274 0.00822335 0.0161691 
259 0.259587 0.694313 0.0196956 0.00891012 0.00600696 0.00383957 0.00279358 0.00171477 0.00120842 0.00193061 
260 0.135437 0.562812 0.112997 0.0657496 0.0469109 0.0241544 0.0190391 0.0110062 0.00805957 0.0138341 
261 0.276082 0.639008 0.0595116 0.0112839 0.00491033 0.00318906 0.00240557 0.00135316 0.000913314 0.00134303 
262 0.269717 0.588162 0.110529 0.014036 0.00610798 0.00396688 0.00299229 0.00168319 0.00113607 0.00167059 
263 0.316267 0.664819 0.0132585 0.002513 0.00109357 0.000710228 0.000535738 0.000301358 0.000203402 0.000299102 
264 0.225947 0.577258 0.124945 0.02533 0.0150766 0.0110828 0.00827666 0.00354863 0.00321051 0.00532513 
265 0.162327 0.580777 0.126009 0.0441779 0.0297736 0.0190309 0.0138464 0.00849929 0.00598958 0.00956913 
266 0.217648 0.596622 0.112189 0.039551 0.0120717 0.00677424 0.00594905 0.00358429 0.00239743 0.00321346 
267 0.187316 0.526907 0.101555 0.057885 0.0445215 0.0231988 0.017832 0.015366 0.00772471 0.0176942 
268 0.14181 0.658944 0.0849401 0.0385729 0.0260048 0.0166219 0.0120937 0.00742343 0.0052314 0.00835784 
269 0.193832 0.556179 0.107559 0.069625 0.0254734 0.0158209 0.0115109 0.00706567 0.00497929 0.00795506 
270 0.207047 0.727706 0.0403879 0.0106115 0.00506001 0.0028395 0.00249362 0.0015024 0.00100491 0.00134696 
271 0.170407 0.64318 0.0860778 0.0338585 0.0228264 0.0145904 0.0106156 0.00651612 0.00459201 0.00733633 
272 0.292214 0.636711 0.040321 0.0134516 0.0036238 0.00901842 0.00204931 0.000978879 0.000660695 0.000971551 
273 0.174799 0.623381 0.116574 0.0300423 0.0178909 0.0131515 0.00982164 0.00421104 0.0038098 0.00631916 
274 0.174078 0.663545 0.100901 0.0216652 0.0129021 0.00948429 0.00708291 0.00303681 0.00274745 0.00455709 
275 0.27912 0.6342 0.057488 0.017485 0.0040744 0.00264459 0.00199486 0.00112213 0.000757382 0.00111373 
276 0.101097 0.620089 0.110645 0.0488117 0.0371164 0.0248209 0.0202637 0.0140469 0.00779054 0.0153181 
277 0.201071 0.727892 0.0519881 0.00846289 0.00368275 0.0023918 0.00180418 0.00101487 0.000684985 0.00100727 
278 0.178426 0.484982 0.138367 0.0698104 0.0379493 0.0262961 0.0227796 0.0143593 0.00989972 0.0171316 
279 0.165895 0.599415 0.133414 0.0445599 0.0183811 0.0135119 0.0100907 0.00432641 0.00391418 0.00649229 
280 0.293545 0.627653 0.0552505 0.0104632 0.00455322 0.00295713 0.00223062 0.00125474 0.000846891 0.00124535 
281 0.147565 0.58498 0.118841 0.0431359 0.0328005 0.0219347 0.0179075 0.0124135 0.00688466 0.0135369 
282 0.120794 0.620903 0.136582 0.0353304 0.0268652 0.0179656 0.0146671 0.0101673 0.00563886 0.0110874 
283 0.260706 0.683732 0.0299586 0.0109168 0.00521619 0.00292714 0.00257058 0.00154877 0.00103593 0.00138853 
284 0.254304 0.711587 0.0189632 0.00590711 0.00327672 0.00199262 0.00144978 0.00088991 0.000627133 0.00100193 
285 0.358633 0.622228 0.0127266 0.00284889 0.00123974 0.00080516 0.000607347 0.000341638 0.000230589 0.000339081 
286 0.156397 0.588812 0.119934 0.0393722 0.0296931 0.0198567 0.016211 0.0112375 0.00623243 0.0122545 
287 0.235385 0.755876 0.00476235 0.00169571 0.000810184 0.000454647 0.000399265 0.000240556 0.000160902 0.000215668 
288 0.110186 0.454155 0.147196 0.0964443 0.0672837 0.0362582 0.0314082 0.0197985 0.0136496 0.0236208 
289 0.146856 0.603291 0.122667 0.0429193 0.0289349 0.0184948 0.0134564 0.00825987 0.00582086 0.00929957 
290 0.28188 0.579293 0.0851078 0.0196698 0.0180666 0.00493955 0.00433785 0.00261354 0.00174813 0.00234315 
291 0.266371 0.642345 0.0640139 0.0121153 0.00527215 0.00342405 0.00258282 0.00145286 0.00098061 0.00144199 
292 0.152283 0.597789 0.100223 0.0454816 0.0455871 0.0195995 0.0142597 0.008753 0.00616837 0.00985477 
293 0.188132 0.543087 0.156217 0.0307001 0.0445504 0.0131516 0.00982164 0.00421104 0.0038098 0.00631916 
294 0.243361 0.612448 0.076831 0.0458314 0.00751581 0.00485499 0.00366221 0.00206003 0.00139042 0.00204461 
295 0.532002 0.401243 0.0662106 0.000272661 0.000124873 4.35289e-05 4.1729e-05 2.30606e-05 1.77191e-05 2.08432e-05 
296 0.133406 0.689235 0.100045 0.0318165 0.0147453 0.0108392 0.00809476 0.00347064 0.00313995 0.0052081 
297 0.197313 0.597148 0.0771737 0.0633326 0.0223303 0.0142732 0.0103848 0.00637447 0.00449218 0.00717684 
298 0.249463 0.642821 0.0707467 0.0196007 0.00616945 0.00346129 0.00303966 0.00183139 0.00122497 0.00164191 
299 0.328033 0.631493 0.0303159 0.00926453 0.00041388 0.00014227 0.000136387 7.53712e-05 5.79132e-05 6.81239e-05 
300 0.220802 0.634254 0.0703375 0.0256309 0.0122467 0.00687241 0.00603527 0.0036588 0.0169023 0.00326006 
301 0.22958 0.729617 0.0328659 0.00396624 0.00182475 0.000636083 0.000609782 0.000336982 0.000258928 0.00030458 
302 0.281571 0.585089 0.0805009 0.0186213 0.0110894 0.00815179 0.00608779 0.00261015 0.00236145 0.00391683 
303 0.42075 0.571861 0.00638256 0.000473929 0.000327371 8.89098e-05 5.87397e-05 2.16837e-05 1.28935e-05 2.21275e-05 
304 0.155713 0.514623 0.135237 0.0762883 0.0450902 0.0231872 0.0182776 0.010566 0.00773719 0.0132807 
305 0.20324 0.648594 0.104297 0.0188238 0.00889497 0.00499154 0.00438351 0.00264106 0.00176653 0.00236781 
306 0.151773 0.502854 0.126926 0.076702 0.049951 0.0260279 0.0200066 0.0172399 0.00866675 0.0198521 
307 0.113317 0.492803 0.133091 0.10071 0.0473067 0.0327801 0.0283965 0.0179 0.0123407 0.0213558 
308 0.167208 0.582934 0.100153 0.0454815 0.0306624 0.0213654 0.0274187 0.008753 0.00616837 0.00985477 
309 0.328089 0.614908 0.0400712 0.00752257 0.00327356 0.00212604 0.00160371 0.000902104 0.000608876 0.000895351 
310 0.236307 0.652667 0.0734802 0.0166805 0.00725875 0.00471427 0.00355606 0.00200032 0.00135012 0.00198534 
311 0.124967 0.55038 0.144792 0.0675666 0.0340282 0.0248434 0.0195831 0.0113207 0.00828985 0.0142293 
312 0.266375 0.659861 0.0401095 0.0177932 0.00563348 0.00316131 0.00277623 0.00167267 0.0011188 0.00149961 
313 0.223857 0.579693 0.121703 0.0228251 0.0135537 0.00996329 0.00744063 0.00319018 0.00311366 0.0146608 
314 0.14335 0.537155 0.119639 0.0695538 0.0350423 0.0402667 0.0201591 0.0116537 0.00853366 0.0146478 
315 0.134579 0.531179 0.12516 0.0727642 0.0520285 0.0267561 0.0210895 0.0121915 0.00892753 0.0153239 
316 0.126658 0.639486 0.116473 0.0446006 0.0220553 0.0161022 0.0126928 0.0073375 0.00537305 0.00922272 
317 0.450231 0.524913 0.00970386 0.0144574 0.000424479 0.000112529 7.3021e-05 3.84848e-05 1.48206e-05 3.1357e-05 
318 0.268322 0.677036 0.0468547 0.00389094 0.0017901 0.000624005 0.000598204 0.000330584 0.000254012 0.000298797 
319 0.212883 0.572942 0.192682 0.00655026 0.00680746 0.00286734 0.00214135 0.000918104 0.000830626 0.00137772 
320 0.262263 0.643943 0.0589341 0.0208821 0.00486332 0.0031581 0.00238221 0.00134002 0.000904447 0.00132999 
321 0.249546 0.675316 0.0498747 0.018188 0.00325099 0.00113325 0.00108639 0.00060037 0.000461308 0.000542642 
322 0.111879 0.445763 0.149457 0.0977945 0.0684406 0.0368277 0.0318914 0.0201031 0.0138596 0.0239842 
323 0.13254 0.538282 0.123264 0.0867617 0.0361414 0.0263491 0.02077 0.0120068 0.00879226 0.0150917 
324 0.172468 0.641526 0.101882 0.029647 0.0176555 0.0129785 0.00969241 0.00415563 0.00375967 0.00623601 
325 0.227768 0.724143 0.03539 0.00564193 0.00245517 0.00159453 0.00120278 0.000676578 0.000456657 0.000671513 
326 0.414601 0.564583 0.0173502 0.00173174 0.000796722 0.000277726 0.000266243 0.000147133 0.000113053 0.000132986 
327 0.246375 0.583555 0.0982332 0.0253166 0.0150766 0.0110828 0.00827666 0.00354863 0.00321051 0.00532513 
328 0.249742 0.565259 0.0967546 0.0341793 0.0227779 0.00592114 0.01742 0.00309755 0.00207185 0.00277706 
329 0.5995 0.388216 0.00958719 0.00127083 0.000877838 0.00023841 0.00015751 5.81443e-05 3.45737e-05 5.93345e-05 
330 0.23949 0.650471 0.0809314 0.0129321 0.00562757 0.00365488 0.00275694 0.00155081 0.00104672 0.0015392 
331 0.136493 0.854033 0.00700327 0.00123447 0.000567944 0.000197978 0.000189791 0.000104884 8.059e-05 9.47989e-05 
332 0.271547 0.599188 0.0756737 0.0171784 0.00747543 0.00647943 0.0169631 0.00206003 0.00139042 0.00204461 
333 0.632204 0.345778 0.011278 0.00136577 0.00879187 0.000253814 0.000167431 6.18069e-05 3.67515e-05 6.30721e-05 
334 0.15459 0.576617 0.11682 0.0466653 0.0457838 0.019896 0.0144758 0.00888562 0.00626183 0.0100041 
335 0.155416 0.612077 0.107088 0.0423231 0.0285331 0.018238 0.0132695 0.00814515 0.00574001 0.00917041 
336 0.247132 0.505981 0.103808 0.0537541 0.0270679 0.0197618 0.0155775 0.00900511 0.0065942 0.0113188 
337 0.149484 0.580006 0.082194 0.0591713 0.0455109 0.0237143 0.0182283 0.0157075 0.00789637 0.0180874 
338 0.198084 0.529811 0.249021 0.0174373 0.00259483 0.000904522 0.000867121 0.000479195 0.0003682 0.000433118 
339 0.499232 0.485153 0.0108174 0.00213144 0.000927508 0.000602379 0.000454385 0.000255596 0.000172515 0.000253683 
340 0.246338 0.581274 0.084716 0.0295851 0.0199454 0.0127489 0.00927576 0.0056937 0.00401244 0.00641039 
341 0.160927 0.500394 0.152511 0.0647899 0.0326298 0.0238224 0.0187783 0.0108555 0.00840417 0.0268882 
342 0.513985 0.446055 0.033655 0.0028269 0.00120979 0.000785711 0.000592676 0.000333386 0.000225019 0.00033089 
343 0.130562 0.530248 0.151275 0.070592 0.0355519 0.0259558 0.02046 0.0118276 0.00866103 0.0148665 
344 0.300892 0.696167 0.0023115 0.000296307 0.000204677 5.55879e-05 3.6725e-05 1.3557e-05 8.06122e-06 1.38345e-05 
345 0.152283 0.582934 0.115079 0.0604067 0.0306625 0.019599 0.0142597 0.008753 0.00616837 0.00985477 
346 0.170362 0.574498 0.136922 0.0458188 0.0188989 0.0138925 0.010375 0.00459759 0.0179596 0.00667517 
347 0.448353 0.464893 0.0287204 0.0494213 0.000256105 0.00825678 4.88839e-05 2.30278e-05 8.8681e-06 1.87628e-05 
348 0.274749 0.529392 0.109902 0.0419044 0.0255625 0.00571725 0.00501727 0.00302289 0.00202193 0.00271015 
349 0.393516 0.581873 0.0190932 0.00275681 0.00126832 0.00044212 0.000423839 0.000234225 0.000179972 0.000211703 
350 0.369911 0.555325 0.0468428 0.00984112 0.00585948 0.00430728 0.00321669 0.00137916 0.00124775 0.00206959 
351 0.156969 0.60087 0.103235 0.0468809 0.0316059 0.0202021 0.0146985 0.00902232 0.00635817 0.010158 
352 0.478603 0.467589 0.0298381 0.00809979 0.00544928 0.00348311 0.00253423 0.00155557 0.00109624 0.00175138 
353 0.29217 0.677648 0.0231497 0.00351508 0.00161621 0.000563388 0.000540092 0.00029847 0.000229336 0.000269771 
354 0.171926 0.534228 0.110193 0.0657601 0.043695 0.0236621 0.0185246 0.0107088 0.00784174 0.0134602 
355 0.33043 0.638868 0.0203394 0.00460381 0.00200342 0.00130114 0.000981472 0.000552088 0.000372632 0.000547955 
356 0.220965 0.612371 0.113486 0.0226734 0.0108336 0.00607944 0.00533889 0.00321667 0.00215154 0.00288387 
357 0.119218 0.623737 0.0960175 0.0582619 0.0287842 0.0192508 0.0258565 0.0109539 0.00604164 0.0118793 
358 0.160553 0.60602 0.114609 0.0400955 0.0270313 0.0172781 0.0125711 0.00771646 0.00543791 0.00868776 
359 0.176891 0.543735 0.125388 0.0446951 0.0339861 0.0227276 0.0185548 0.0128622 0.0071335 0.0140262 
360 0.289984 0.624887 0.0498798 0.0171077 0.00623721 0.00397919 0.00289516 0.00177712 0.00125237 0.00200082 
361 0.125275 0.439069 0.147192 0.0974632 0.0662661 0.0362568 0.0314082 0.0197985 0.0136496 0.0236208 
362 0.544157 0.438383 0.00896544 0.0072464 0.000573711 0.000199986 0.000191716 0.000105948 8.14074e-05 9.57604e-05 
363 0.126778 0.543844 0.117927 0.0975288 0.0345214 0.0252034 0.0198669 0.0114848 0.00840999 0.0144356 
364 0.179456 0.588483 0.0992649 0.0448127 0.0302115 0.0193108 0.01405 0.00862428 0.00607766 0.00970985 
365 0.127389 0.483207 0.113275 0.0819295 0.0630151 0.0328676 0.0394889 0.0228512 0.0109334 0.0250442 
366 0.171166 0.579944 0.139793 0.029353 0.0174383 0.025447 0.00990445 0.00688167 0.0139178 0.00615504 
367 0.436554 0.513071 0.0326783 0.0103846 0.00254654 0.00165119 0.00124552 0.000700619 0.000472883 0.000695374 
368 0.134579 0.531179 0.125746 0.0875601 0.0366484 0.0267544 0.0210895 0.0121915 0.00892753 0.0153239 
369 0.266532 0.635878 0.063798 0.0244661 0.0042854 0.00149383 0.00143206 0.000791397 0.000608088 0.000715301 
370 0.10855 0.586975 0.157091 0.0679828 0.0240609 0.017566 0.0138466 0.00800454 0.00586151 0.0100611 
371 0.170921 0.596209 0.119123 0.0346642 0.0206434 0.0151749 0.0113327 0.00485889 0.00477374 0.0222981 
372 0.194903 0.686028 0.0577844 0.0214184 0.0215998 0.00564546 0.00495754 0.00298691 0.00199786 0.00267788 
